0.40192378864668404	7.714960705858462e-18	-3.56523280673005e-11	2.7047291044601617e-11	-1.085648219239356e-6	0.00044663551061422074	-2.282171680866225e-6
-1.5	-2.3243394253550462e-17	1.3288735198077236e-10	-4.1457272173624287e-10	1.3116734535730986e-5	-0.00539627300407829	2.755925098108341e-5
0.0	-0.18421542592566004	0.007689468310082176	-0.026477691435699145	0.002453399960543677	0.11366648118371364	-0.010453465607625523
0.0	0.14893443393116373	0.16129316543727443	0.11110062677217143	0.14687154056843038	-0.0910417378303335	0.10484273764113419
0.0	0.04010312690908533	0.041855522086720984	0.03388268511382615	0.03372365563083143	-0.02448658077595776	0.036475935882153414
0.0	-1.0089081233079863e-18	1.5227407825967882e-14	-4.757420751288764e-10	1.3751358667218265e-5	-0.0056573832447580075	2.888618679005807e-5
0.3807699050337007	7.62440081465024e-18	-3.5597382983753843e-11	-1.0399571281909858e-11	-1.472718319903879e-11	-8.690040420823112e-12	-1.6796242807068305e-9
-1.4210526315789473	-2.3178077650485466e-17	1.3268662329845646e-10	-4.001702422037928e-10	1.2688397254325966e-5	-0.005220052599311697	2.6659468918999333e-5
0.0	-0.17162273684495308	0.021287470178226228	-0.017014574576302816	0.014693967180246287	0.10596887052554126	-0.0014767256169983785
0.0	0.14891682068703765	0.1609990388617142	0.11055364180474467	0.14458348778029106	-0.09104872331089821	0.10243072216692863
0.0	0.04009822310703962	0.041773632662504355	0.03373039595998208	0.033086626035173566	-0.024488525641788415	0.03580439331818119
0.0	3.099839252886684e-18	-4.869533906696669e-14	1.4272199089139832e-9	-4.125407599647555e-5	0.016972149734261945	-8.665856057594319e-5
0.3596160214207173	7.688129072829743e-18	-3.542278585970873e-11	2.752374587676932e-11	-1.0856485903751224e-6	0.00044663551069097786	-2.2821562157768635e-6
-1.3421052631578947	-2.322361921244941e-17	1.3203336228152526e-10	-4.431075741482824e-10	1.3890249842819865e-5	-0.0057145008118842325	2.9184041394597857e-5
0.0	-0.15904714566856581	0.03480847110641877	-0.0076832576509061595	0.02644576927024989	0.09827796501115776	0.00697848958998567
0.0	0.14882177960394105	0.15949275656323086	0.10762845306307195	0.1334419696120113	-0.09107833675155816	0.09044359878646624
0.0	0.040070918338582735	0.04134015087540698	0.03288976601960705	0.029874768871102127	-0.024497106930945325	0.032351206458787064
0.0	-4.960986851206749e-18	6.659832970979109e-14	-2.378730258671124e-9	6.87567933518882e-5	-0.028286916223738055	0.0001444309333042237
0.33846213780773393	7.597312609158785e-18	-3.509545640785606e-11	-9.361957983772657e-12	-1.5538131365328026e-11	-8.517758602544616e-12	-1.6459257875944382e-9
-1.263157894736842	-2.3043841816206806e-17	1.3081590248851278e-10	-3.7461463811402366e-10	1.1837987304856604e-5	-0.0048701881098133695	2.487296078295293e-5
0.0	-0.14648535614508032	0.04811811684962312	0.0012270748193226161	0.036699786610077494	0.09058357172307578	0.013795275798194756
0.0	0.14855855875129853	0.15558441706662623	0.09966978034825666	0.10692215762175884	-0.09113099023751602	0.06093661717428731
0.0	0.039996718291620235	0.040240117709992126	0.030646666482454753	0.022423193058440705	-0.024511788270085457	0.024054050575697216
0.0	7.095484831268036e-18	-1.1371984541549967e-13	3.330179887286031e-9	-9.625951065804259e-5	0.03960168271314895	-0.0002022033080144513
0.31730825419475056	7.672467482229336e-18	-3.459822809986942e-11	2.921321202574019e-11	-1.0856499214811367e-6	0.00044663551096524643	-2.282101253511011e-6
-1.1842105263157894	-2.3252632339490403e-17	1.289621249726025e-10	-4.813272191134479e-10	1.4813043344335156e-5	-0.00609414100433553	3.112225177455598e-5
0.0	-0.1339555482426888	0.060969302059364815	0.009185490083417078	0.04402522622945724	0.08288491225698706	0.017304520211728062
0.0	0.14801982741752104	0.14811959252354834	0.08391346286769408	0.06233124288400018	-0.09116734196350974	0.009924491906331606
0.0	0.03984682983018379	0.03816877539037859	0.026267119463209903	0.010116044811448687	-0.024521218292903015	0.009947206660759435
0.0	-9.045479589165175e-18	1.162179881120561e-13	-4.281721156446327e-9	0.00012376222803866803	-0.050916449202497535	0.00025997567974307234
0.29615437058176725	7.595556900445471e-18	-3.390752784324695e-11	-6.9673250638437076e-12	-1.7455464271122885e-11	-8.119221878512549e-12	-1.5677126484385402e-9
-1.105263157894737	-2.2970842234454548e-17	1.263883910513149e-10	-3.491087704255333e-10	1.0842830334711504e-5	-0.004460772218580691	2.278222161676304e-5
0.0	-0.12148544298588661	0.07302174613335559	0.015442537483966397	0.046949423402606695	0.07518671106350217	0.015782532258848906
0.0	0.14708450571979095	0.1360504674602164	0.05806280857124321	0.001874267731961359	-0.09108622405369292	-0.05846111238602891
0.0	0.0395887976212358	0.03485000528398861	0.01915234595131386	-0.006355489268780723	-0.024497129875958788	-0.008681199456731443
0.0	1.1049643911634507e-17	-1.8038920862322745e-13	5.23313841855535e-9	-0.00015126494531620386	0.06223121569172647	-0.00031774805551208903
0.2750004869687838	7.680366625405446e-18	-3.301064356800921e-11	3.2329550995224724e-11	-1.0856524865273583e-6	0.00044663551147842924	-2.2819986442966454e-6
-1.0263157894736843	-2.335483779375474e-17	1.2304726800874752e-10	-5.298729164963473e-10	1.5880592588420727e-5	-0.0065333326002529404	3.3364349692076166e-5
0.0	-0.10911340747321427	0.08385346210826647	0.019094729682024445	0.044382771033166554	0.06750503251728666	0.00825619326963942
0.0	0.14561881665205498	0.11850442662380223	0.02096674815463965	-0.06707582570967359	-0.09071097889295729	-0.1293093933613437
0.0	0.03918676168623926	0.030054925726958445	0.009020399341152065	-0.02492938365423057	-0.024390927437859953	-0.027636531288398967
0.0	-1.3107871802585012e-17	1.6431645772406112e-13	-6.184711671569812e-9	0.00017876766272716178	-0.07354598218085966	0.00037552042612767374
0.25384660335580045	7.60293160323231e-18	-3.188739815737956e-11	-3.1580864385078767e-12	-2.0725908160599758e-11	-7.470890707179409e-12	-1.4403563134364316e-9
-0.9473684210526315	-2.2905710825196363e-17	1.1885909739999255e-10	-3.238679546779312e-10	9.702927263587355e-6	-0.003991804925705635	2.0387234159664538e-5
0.0	-0.09688949655210752	0.09297836526114152	0.01920756660753327	0.03603886745731334	0.05987340306191891	-0.004621655081322327
0.0	0.14347680186979156	0.09486462522330082	-0.02666705362983159	-0.13246183322206526	-0.08979989010054192	-0.17865569367313844
0.0	0.03860159093781019	0.023623790349895323	-0.003903805256617311	-0.04231133530353433	-0.024137052356546992	-0.04036950716543463
0.0	1.5079380026931804e-17	-2.484367341292726e-13	7.136099747399552e-9	-0.0002062703799706777	0.08486074866981755	-0.000433292802984758
0.23269271974281708	7.671166467451953e-18	-3.0528671841069426e-11	3.67465044192069e-11	-1.0856565071522463e-6	0.0004466355122363951	-2.281846920471004e-6
-0.868421052631579	-2.3408806019776837e-17	1.1379912015853886e-10	-5.882749544186099e-10	1.7092898401253864e-5	-0.007032075599653581	3.591032966100856e-5
0.0	-0.08487645981505705	0.09987122032589922	0.014996516602803218	0.022778425349634743	0.052346958777699924	-0.020048346423814905
0.0	0.1405006536347194	0.0648671032581203	-0.08162406053278166	-0.17903602476371136	-0.08808702330486293	-0.1807709919117922
0.0	0.03779097258597658	0.015492305255397265	-0.018717276174982585	-0.05438810620770385	-0.02366428622225313	-0.040017666747045294
0.0	-1.7043509415524646e-17	2.1121821332182005e-13	-8.087696390974677e-9	0.00023377309741583286	-0.09617551515864678	0.0004910651725759037
0.21153883612983373	7.554925570871255e-18	-2.891867146073317e-11	1.7143131570957126e-12	-2.550552698938596e-11	-6.5818483284646675e-12	-1.2652341937597605e-9
-0.7894736842105264	-2.2659742575356808e-17	1.0779411739836583e-10	-2.9758342100817456e-10	8.418278673501263e-6	-0.0034632862311596577	1.7688003528496252e-5
0.0	-0.0731507231018424	0.1040013966261434	0.0060554925993266465	0.0067810234173572475	0.04500203251546788	-0.03334958268015343
0.0	0.13652100456895436	0.028716597303781583	-0.13774309874590845	-0.19116947362461156	-0.08535113619392579	-0.1202231352938344
0.0	0.036709491673729056	0.005722932514664418	-0.03372551167925396	-0.05699717528901603	-0.02291469200764815	-0.022692323239091455
0.0	1.9288476574640426e-17	-3.174448645095215e-13	9.039070359803155e-9	-0.00026127581462454105	0.10749028164724651	-0.000548837550440923
0.19038495251685034	7.555423897569567e-18	-2.705383026166354e-11	4.184696949544917e-11	-1.0856619754303244e-6	0.0004466355132210441	-2.2816498350705277e-6
-0.7105263157894737	-2.3154889673780195e-17	1.0085052228761937e-10	-6.542346648200689e-10	1.8449960754170708e-5	-0.007590370002464617	3.8760205659138755e-5
0.0	-0.0618033449893267	0.10487702928552031	-0.0073914393482469275	-0.008572672764712052	0.037929488567984816	-0.03934812451707168
0.0	0.13135724884228256	-0.012778141242790501	-0.18587943082566666	-0.15713454322988404	-0.0814938893946045	-0.005201769843163959
0.0	0.035308719429921816	-0.005458609602261582	-0.04643954482815082	-0.047091499035127896	-0.021864343126622398	0.00896797708397923
0.0	-2.0743720685085173e-17	2.57463744676653e-13	-9.990668060715836e-9	0.00028877853209630973	-0.11880504813568214	0.000606609919129674
0.16923106890386697	7.335161265372813e-18	-2.4925361364032047e-11	6.7376076506577195e-12	-3.144794259119901e-11	-5.476015604887185e-12	-1.0478272966198057e-9
-0.631578947368421	-2.1896203012243795e-17	9.291010922798243e-11	-2.6685658241822784e-10	6.988883275387874e-6	-0.0028752161348597973	1.4684550143662986e-5
0.0	-0.05094094371717968	0.10210119535020193	-0.02425751794292031	-0.019225436223092807	0.03122204725038612	-0.03470461741807331
0.0	0.12481794421919568	-0.058050338926137125	-0.21451710915923186	-0.07460229621333099	-0.07659481744666101	0.12449531569331952
0.0	0.033537323426847294	-0.017621883335222292	-0.05375001899457182	-0.02422296141695693	-0.020537646357859353	0.04378490802967168
0.0	2.3793772971309277e-17	-3.867249564787307e-13	1.0942057707766776e-8	-0.00031628124929208395	0.1301198146238355	-0.0006643822978511559
0.14807718529088362	7.187249136981523e-18	-2.2538385156883e-11	4.6415583514542274e-11	-1.0856679486359204e-6	0.00044663551440246325	-2.2814137837838007e-6
-0.5526315789473685	-2.217154333586636e-17	8.402339675370564e-11	-7.232238535034654e-10	1.995177613699169e-5	-0.008208215808567773	4.191400152554404e-5
0.0	-0.040686586216941725	0.0954415657059519	-0.04244445832845074	-0.021444789769897332	0.024959385182041022	-0.020470852243171436
0.0	0.11670133782167276	-0.10460564778349926	-0.21131805162905046	0.043671770251687746	-0.07089365821178213	0.20354957490222925
0.0	0.031341211037046394	-0.03008617388037681	-0.05235559039182874	0.007942343377357471	-0.0190010468995534	0.0639243054540974
0.0	-2.4081423699062118e-17	3.039109662890994e-13	-1.189361992004516e-8	0.00034378396674471164	-0.1414345811117894	0.0007221546657985876
0.12692330167790022	6.7652733999612394e-18	-1.9894656753572008e-11	1.0419107160278822e-11	-3.669111873616262e-11	-4.187324315681908e-12	-7.950407877887737e-10
-0.47368421052631576	-2.009993886559852e-17	7.415911124773972e-11	-2.2612547619298253e-10	5.41473413476483e-6	-0.002227594636686399	1.1376899740692287e-5
0.0	-0.031180627284635925	0.08491461621634583	-0.05886648498123243	-0.013245870372427018	0.0191985570716076	-0.0033848916170341557
0.0	0.10679606173465142	-0.14884357816685626	-0.16590587682785693	0.1661560629635074	-0.06466026393789341	0.16862068799667965
0.0	0.02866371868068513	-0.04187262864258622	-0.03952528407878742	0.04067792328758807	-0.01732666089418897	0.05259599866053724
0.0	2.873396156242919e-17	-4.552337005452551e-13	1.2845066606146041e-8	-0.0003712866840053795	0.15274934759940859	-0.0007799270451659547
0.10576941806491687	6.352598884610276e-18	-1.7011797517478402e-11	4.875536835939916e-11	-1.0856713198491201e-6	0.00044663551574473535	-2.2811468710257624e-6
-0.3947368421052632	-1.984054819309943e-17	6.342728390802261e-11	-7.889186996940944e-10	2.1598332977484194e-5	-0.00888561301782173	4.5371747452929937e-5
0.0	-0.022581482725678396	0.07088477015969077	-0.06975987082186415	0.004052244959871132	0.013979884091126963	0.0059245268367000125
0.0	0.0948820565109659	-0.18588138318321304	-0.07413190311868029	0.24446179698071563	-0.057945603016118716	0.006089253183731718
0.0	0.02544586264903537	-0.05165722745688276	-0.014259943208116053	0.060806877192449586	-0.015523707748154415	0.0071006023383958245
0.0	-2.6905516795191582e-17	3.517973847651646e-13	-1.3796550740027134e-8	0.00039878940132219925	-0.16406411408679086	0.0008376994126079479
0.08461553445193348	5.592274638088614e-18	-1.3906022200152429e-11	1.099195890072955e-11	-3.668134674189354e-11	-2.762110881329469e-12	-5.181852454179844e-10
-0.3157894736842105	-1.6540075084926835e-17	5.183697684440245e-11	-1.688049626747109e-10	3.695814288370787e-6	-0.0015204217364749818	7.765094451300235e-6
0.0	-0.015066314704155502	0.05417764386616968	-0.07140634234851949	0.024776325028331023	0.009355528120096896	-0.0010436186669824062
0.0	0.08073180437928096	-0.20939916075611312	0.056089212457909904	0.2257985491781873	-0.05030811885680441	-0.19987174797616133
0.0	0.021626673797566744	-0.05772970469558415	0.02112648876635831	0.05420119393473174	-0.013465760180563946	-0.04840887256131146
0.0	3.42726694259937e-17	-5.215420855492157e-13	1.4748092706022248e-8	-0.0004262921187993738	0.17537888057378978	-0.0008954717921961904
0.06346165083895013	4.7565096397727164e-18	-1.0611204369123569e-11	4.723804362092712e-11	-1.085666215575699e-6	0.0004466355171730188	-2.280866638276802e-6
-0.23684210526315796	-1.5309578127357555e-17	3.9572930826084686e-11	-8.45249093370614e-10	2.3389609392241105e-5	-0.009622561629939396	4.913350877784913e-5
0.0	-0.008831599276260328	0.03620463208352999	-0.06139506262118197	0.03942517835322397	0.005435856316385774	-0.02190725009883818
0.0	0.06411199920310269	-0.21153620925361782	0.19763234730496868	0.08114972164844537	-0.040741500278910894	-0.26667790054729473
0.0	0.017143650813727918	-0.057966616856527424	0.059080266664138084	0.013553534654720612	-0.01087497724185606	-0.06364486435773478
0.0	-2.904085290742131e-17	4.0272211650595627e-13	-1.569947265391604e-8	0.00045379483581314475	-0.18669364706050898	0.000953244159824776
0.04230776722596674	3.477042496649349e-18	-7.161159402277319e-12	7.256332660757655e-12	-2.496327300012743e-11	-1.3175404922509562e-12	-2.4332941855805506e-10
-0.15789473684210525	-1.0236798928244381e-17	2.6695038187962807e-11	-9.041972108235425e-11	1.8320996783861715e-6	-0.0007536974337980099	3.849231382571384e-6
0.0	-0.004093532619541304	0.019092949155907646	-0.04050520611261925	0.038207178536773044	0.002424143605783811	-0.03833339192765094
0.0	0.044785873159840166	-0.1828879736362812	0.29662713597861357	-0.1482723849936007	-0.028171036305642286	-0.03201060322723228
0.0	0.011933392337026475	-0.04983203203236489	0.08479283547424	-0.04894323742434169	-0.007464706355118724	0.004107663084966781
0.0	4.059331409487578e-17	-5.839342945583829e-13	1.66511140008019e-8	-0.00048129755364199097	0.19800841354680337	-0.001011016538733473
0.02115388361298339	2.0158815802809364e-18	-3.6077531338416435e-12	4.14582443875459e-11	-1.0856472612120882e-6	0.0004466355185331932	-2.2806059944721656e-6
-0.07894736842105271	-7.472969479800041e-18	1.3470460712964294e-11	-8.906980424473601e-10	2.532558533829832e-5	-0.010419061644337195	5.319940811533607e-5
0.0	-0.0010882074584445017	0.005809710560028778	-0.015172416806747144	0.01896836998930007	0.0005805314948078047	-0.026897464319044717
0.0	0.022516623731913255	-0.1127016232839354	0.26680649233020653	-0.2929565649490061	-0.012804921647504922	0.3538890647137224
0.0	0.00593253004085808	-0.030432800013500128	0.07472504076442792	-0.08594206073704047	-0.003313519164269605	0.10919845439748879
0.0	-3.0304343414889886e-17	4.584039097242882e-13	-1.76024187770021e-8	0.0005088002703294456	-0.20932318003276681	0.0010687889074036778
0.0	0.0	0.0	0.0	0.0	0.0	4.323065860375488e-74
0.0	0.0	0.0	0.0	0.0	2.207430825492747e-61	-1.729033955525887e-58
0.0	0.0	0.0	0.0	5.365670756917017e-49	-8.828670336843881e-46	2.5932739289398674e-43
0.0	0.0	0.0	1.8564634947125608e-38	-1.6094367468179135e-33	1.3241427662148643e-30	-1.7286836011146922e-28
0.0	0.0	6.414354494139213e-28	-3.711870926097888e-23	1.6091726593866906e-18	-8.826567615980186e-16	4.321483072760219e-14
0.0	4.785315288980297e-17	-6.410649595197101e-13	1.855408867781864e-8	-0.0005363029883146021	0.22063794651826926	-0.0011265612855797347
0.02115388361298337	1.815977264108472e-18	-3.6050824188675463e-12	-3.568975083549567e-11	1.144302793775198e-6	-0.00047077798030469297	2.4036405977190043e-6
0.07894736842105263	2.9589397315299428e-18	-1.3409982033805626e-11	-8.598445789416946e-10	2.527357156932868e-5	-0.010397704845609928	5.308948577966621e-5
0.0	-0.0010882074584537482	0.005809710437812793	-0.015172407175550757	0.018968292749753778	0.0005805168371422008	-0.026909832083332738
0.0	-0.022516623732107034	0.11270162072446853	-0.2668062934159523	0.29295506076432487	0.012804540596839654	-0.35414643614122854
0.0	0.005932530040908461	-0.030432799347985724	0.07472498831464847	-0.0859416547483975	-0.003313500410158344	0.1092661242302802
0.0	-6.033771968833786e-17	7.560678956337953e-13	-1.7551342730167427e-8	0.0005073136382418229	-0.20871157103321625	0.001065666085519555
0.04230776722596674	3.4770424966576835e-18	-7.161159402356408e-12	7.256330277926547e-12	-2.496321555515685e-11	-1.2856898237001283e-12	-2.4314895729731774e-10
0.15789473684210525	9.902466736554006e-18	-2.6690568070452267e-11	-3.87777925247446e-11	1.902333128154428e-6	-0.0007826683961102515	3.9953413176956465e-6
0.0	-0.004093532619576895	0.01909294868619227	-0.04050517003331311	0.03820692334046798	0.0024240269793309598	-0.03838043661321807
0.0	-0.04478587316023758	0.18288796839745672	-0.29662674283340806	0.14826993416310655	0.02816915860334883	0.03149122991420476
0.0	0.011933392337131095	-0.04983203065320307	0.08479273064376586	-0.048942569634601606	-0.007464221623458166	0.004245864977144907
0.0	4.4984506331779887e-17	-5.628793971136827e-13	1.654823165770081e-8	-0.0004783242868693608	0.1967851955478071	-0.0010047708759891236
0.06346165083895011	4.556605323594682e-18	-1.0608533654226002e-11	-2.990995392394863e-11	1.1442838396181218e-6	-0.00047077798169568896	2.403380192350411e-6
0.23684210526315788	1.1148035953806657e-17	-3.9517165970612175e-11	-7.690325943076783e-10	2.327094713339116e-5	-0.009573843386228175	4.888193832372251e-5
0.0	-0.008831599276338614	0.0362046310515304	-0.06139498511914598	0.039424694560078605	0.005435544593278818	-0.022009585156554688
0.0	-0.06411199920368724	0.2115362015605215	-0.1976317884423345	-0.08115253658261583	0.040738951708781744	0.2659269637110079
0.0	0.017143650813882357	-0.05796661482396584	0.05908011711193679	0.013554306773822362	-0.010874370785455799	-0.06344426509580327
0.0	-5.147272484251201e-17	6.764334614802333e-13	-1.5545457155988523e-8	0.0004493349366364131	-0.18485882006195856	0.0009438756766248974
0.08461553445193348	5.5922746381049234e-18	-1.3906022200306404e-11	1.0991954287968782e-11	-3.6681230432618965e-11	-2.7018290843927323e-12	-5.177821492279124e-10
0.3157894736842105	1.5866582272929062e-17	-5.182797095143789e-11	-9.151030206291163e-11	3.828555564218633e-6	-0.0015751446673236142	8.040643644746585e-6
0.0	-0.015066314704291452	0.05417764207599383	-0.07140621073686278	0.024775604397847983	0.009354952618634208	-0.0012192795574356959
0.0	-0.08073180438003609	0.20939915083262156	-0.0560885140649812	-0.22580128190432644	0.05030448407725993	0.19891991254443495
0.0	0.021626673797766536	-0.05772970207003321	0.02112630153324964	0.05420194880001007	-0.013464804432232063	-0.04815408713773195
0.0	4.1176665647043554e-17	-4.899553787468478e-13	1.4542421255060759e-8	-0.00042034558558663	0.17293244457580847	-0.0008829804660261683
0.10576941806491685	6.152694568429173e-18	-1.700912680265337e-11	-2.8392631346156393e-11	1.144278735531297e-6	-0.0004707779831509378	2.403100133080672e-6
0.39473684210526316	1.6004839685463345e-17	-6.337587678088624e-11	-6.993884528743945e-10	2.142094983996253e-5	-0.008812752324353575	4.499481882042783e-5
0.0	-0.022581482725885584	0.0708847674342464	-0.06975967449868944	0.004051310252140125	0.013978976408398042	0.005660049700989568
0.0	-0.09488205651187549	0.18588137125050558	0.0741327173072778	-0.24446413602410677	0.057941533056800304	-0.007212179185918279
0.0	0.025445862649276098	-0.05165722429907841	-0.014260161730789244	0.060807530025643805	-0.015522685715743988	0.007401579409123742
0.0	-4.3479575600819166e-17	5.920419658415047e-13	-1.3539547372345945e-8	0.0003913562349985932	-0.1610060690892586	0.0008220852673644607
0.12692330167790022	6.765273399986625e-18	-1.989465675379764e-11	1.0419100494056302e-11	-3.6690949336926053e-11	-4.102562671164346e-12	-7.944660703238721e-10
0.47368421052631576	1.9113939342113283e-17	-7.414592567464432e-11	-1.5502113981232346e-10	5.602246089944491e-6	-0.002304850541205863	1.176543737242799e-5
0.0	-0.031180627284926585	0.08491461239709629	-0.05886621521535286	-0.013246975772507927	0.01919727539387233	-0.0037512484611321615
0.0	-0.10679606173569892	0.14884356444853047	0.16590678568022504	-0.1661578095261874	0.06465548101430718	-0.16988667922822864
0.0	0.028663718680962447	-0.04187262501200877	-0.03952552821041165	0.04067841927331632	-0.017325398090544602	0.052935638320015174
0.0	3.65868881564011e-17	-4.20947536368832e-13	1.2536615657322887e-8	-0.00036236688424866255	0.14907969360245682	-0.0007611900565336102
0.1480771852908836	6.987344820799493e-18	-2.253571444212694e-11	-3.073241806342475e-11	1.1442821069072033e-6	-0.00047077798451740436	2.402833340765555e-6
0.5526315789473684	1.8635014585335265e-17	-8.397599125955688e-11	-6.493951620777894e-10	1.972355964610999e-5	-0.00811443165942544	4.142824993248034e-5
0.0	-0.04068658621732669	0.0954415606522186	-0.042444108044705005	-0.021446010435863146	0.024957685014307875	-0.020949908734564822
0.0	-0.11670133782284252	0.10460563248083017	0.21131903654813866	-0.04367282147193735	0.07088864840909383	-0.2049330584451214
0.0	0.03134121103735608	-0.030086169830414372	-0.0523558551465541	0.007942654142519736	-0.018999765291319654	0.06429572921295457
0.0	-3.617518334247677e-17	5.046121569334313e-13	-1.1533646494611645e-8	0.0003333775334411439	-0.13715331811530307	0.0007002948576558622
0.16923106890386697	7.33516126540637e-18	-2.492536136431868e-11	6.737599356291966e-12	-3.14477305639577e-11	-5.370052800171421e-12	-1.0471913431831504e-9
0.631578947368421	2.06243506860875e-17	-9.289310007005128e-11	-2.2483498406413232e-10	7.223380647451699e-6	-0.0029717860173091647	1.5169819369745977e-5
0.0	-0.05094094371766858	0.10210118893674604	-0.02425708151009854	-0.0192267116550043	0.031219907888794408	-0.035305175186369414
0.0	-0.12481794422047342	0.05805032220207939	0.21451815411115419	0.07460197139225352	0.07658939350288602	-0.12597353723640747
0.0	0.033537323427185295	-0.01762187891293825	-0.05375030004395801	-0.024222845274658053	-0.020536213303555952	0.04418198777259819
0.0	3.1398591392804935e-17	-3.541400530478749e-13	1.0530792857914535e-8	-0.0003043881828242655	0.1252269426279393	-0.00063939964733912
0.19038495251685034	7.355519581386302e-18	-2.7051159546960533e-11	-3.5301033403268396e-11	1.1442880802425286e-6	-0.0004707779857178733	2.402597311176556e-6
0.7105263157894737	1.9890886771531754e-17	-1.0080676233106366e-10	-6.12982610908787e-10	1.8178754668433615e-5	-0.007478881391164757	3.8182296806800486e-5
0.0	-0.061803344989927914	0.10487702140184518	-0.007390912362196767	-0.008573942572332169	0.03792688457975911	-0.04007721108826162
0.0	-0.13135724884365363	0.012778123299549258	0.18588052221995802	0.15713492048739083	0.081488388503834	0.003648610863386695
0.0	0.03530871943028467	-0.005458604855835449	-0.04643983852526648	-0.047091571401652085	-0.021862922951911147	0.009385375598173722
0.0	-2.938440100151055e-17	4.1574315115584875e-13	-9.5277666560178e-9	0.0002753988319493183	-0.11330056714027664	0.0005785044477825848
0.2115388361298337	7.55492557090999e-18	-2.8918671461062735e-11	1.714303758940494e-12	-2.5505287408767324e-11	-6.457212632201505e-12	-1.2646016650574858e-9
0.7894736842105263	2.1128691355341878e-17	-1.0777364075086674e-10	-2.943666947861656e-10	8.691942273422461e-6	-0.003575951095450032	1.8253831940890252e-5
0.0	-0.07315072310256303	0.10400138718035451	0.006056113494035092	0.006779815770400604	0.044998957758578116	-0.03421269820198942
0.0	-0.13652100457040275	-0.02871661623963241	0.13774422503075634	0.19117049298270097	0.0853454361377585	0.11861193473889717
0.0	0.03670949167411283	0.005722937529612278	-0.03372581489879268	-0.05699742070357856	-0.022913187263632416	-0.022259165012207094
0.0	2.5775402434327224e-17	-2.881039176244863e-13	8.524948507874409e-9	-0.00024640948134926736	0.1013741916524432	-0.0005176092382151343
0.23269271974281708	7.471262151265807e-18	-3.052600112640314e-11	-4.040149945611605e-11	1.1442935486228397e-6	-0.0004707779867185039	2.4024002375030795e-6
0.868421052631579	2.039067505698079e-17	-1.1375864964418044e-10	-5.838269793774828e-10	1.6786523334757662e-5	-0.006906101519452908	3.52569899842314e-5
0.0	-0.08487645981590294	0.09987120924237894	0.014997233889204138	0.02277733016604383	0.05234340117737412	-0.021049700367390362
0.0	-0.140500653636231	-0.06486712301916156	0.0816252122549733	0.17903760213758277	0.0880813363075914	0.17911590151534526
0.0	0.0377909725863775	0.01549231049366368	-0.018717586353729707	-0.054388502309214	-0.023662810202041678	-0.03957257066667307
0.0	-2.295612691573538e-17	3.2667245511332506e-13	-7.521906627689636e-9	0.0002174201304851603	-0.08944781616436548	0.00045671403783570965
0.25384660335580045	7.602931603273997e-18	-3.188739815773848e-11	-3.15809663044137e-12	-2.0725648434514697e-11	-7.332427931206878e-12	-1.4397237557991348e-9
0.9473684210526315	2.114211462014126e-17	-1.188355093582099e-10	-3.580543100668188e-10	1.0007924033369033e-5	-0.004117345775503552	2.1017501074571018e-5
0.0	-0.09688949655308345	0.09297835247738667	0.019208382064157134	0.03603792736134112	0.05986936508512539	-0.005764385777412332
0.0	-0.143476801871354	-0.09486464565811117	0.02666822321484747	0.13246387361636627	0.08979414186423729	0.17696835929640495
0.0	0.03860159093822447	0.023623795764323895	-0.0039041203266244745	-0.0423118569504179	-0.02413553756841458	-0.039915622241884635
0.0	1.9856013626536246e-17	-2.2179582060333735e-13	6.5190874221598056e-9	-0.00018843077985662243	0.077521440676155	-0.00039581882918748005
0.2750004869687838	7.480462309215223e-18	-3.300797285336139e-11	-4.481845348609295e-11	1.1442975693228474e-6	-0.0004707779874890887	2.402248490617395e-6
1.0263157894736843	2.0555924861579457e-17	-1.2300973084118288e-10	-5.574000731897338e-10	1.5546862134936344e-5	-0.006396092044183838	3.265235319945177e-5
0.0	-0.10911340747432381	0.08385344757665561	0.019095644526690676	0.04438202049410422	0.06750051025843186	0.006969820551650062
0.0	-0.14561881665365234	-0.11850444752403784	-0.020965566686244684	0.06707823129093464	0.0907052836278227	0.12759921689146816
0.0	0.039186761686663296	0.03005493126871859	0.009020081012313148	-0.024930004597086993	-0.0243894442899624	-0.027176402024043027
0.0	-1.676327917302698e-17	2.382579833067526e-13	-5.516059648917496e-9	0.00015944142902567227	-0.065595065187756	0.0003349236278099566
0.2961543705817672	7.595556900488211e-18	-3.3907527843619744e-11	-6.967335631157266e-12	-1.7455195745179968e-11	-7.969620159752868e-12	-1.567092523559832e-9
1.1052631578947367	2.100135495318146e-17	-1.263620477105264e-10	-4.1249924249807485e-10	1.1171324638181738e-5	-0.004595970057366483	2.3460847136147257e-5
0.0	-0.12148544298713174	0.07302172982617156	0.0154435524970916	0.04694888883024658	0.07518171079545492	0.014350949309535043
0.0	-0.14708450572140228	-0.13605048857065608	-0.05806161973608505	-0.0018715900732984554	0.09108054178446189	0.05673551703729831
0.0	0.039588797621664604	0.03485001089913414	0.019152025582265923	-0.006356184547936827	-0.024495636000192354	-0.008216838262477941
0.0	1.3757264386060813e-17	-1.5452711870378588e-13	4.513217052845415e-9	-0.00013045207836150636	0.05366868969926094	-0.00027402842018891594
0.31730825419475056	7.472563166036468e-18	-3.459555738523449e-11	-4.793479269292542e-11	1.1443001344186605e-6	-0.00047077798801111	2.402145881685255e-6
1.1842105263157894	2.0646283529111586e-17	-1.2892716505647576e-10	-5.314032242790137e-10	1.445977104033861e-5	-0.0059488529652942474	3.0368400653071397e-5
0.0	-0.1339555482440699	0.06096928397028288	0.009186605732929886	0.044024926598613005	0.08287943402866468	0.015726701467213066
0.0	-0.14801982741912906	-0.1481196136153859	-0.08391226981274343	-0.062328377289893516	0.09116171481635132	-0.01165981732009199
0.0	0.039846829830612746	0.03816878101538326	0.02626679790626588	0.010115297946205408	-0.024519749539786785	0.010414253497760458
0.0	-1.069718603056563e-17	1.5104022551121785e-13	-3.5102184658008667e-9	0.00010146272756336537	-0.04174231421063478	0.00021313321772308943
0.33846213780773393	7.597312609203115e-18	-3.509545640824226e-11	-9.36196878226198e-12	-1.5537858550496284e-11	-8.361207901338462e-12	-1.6452996190062474e-9
1.263157894736842	2.0895117367549027e-17	-1.307871599440519e-10	-4.563927232354858e-10	1.218214466987839e-5	-0.005011823941005696	2.558387535961095e-5
0.0	-0.1464853561465969	0.04811809698254973	0.0012282913604750886	0.03669973438139538	0.0905776219968304	0.01207060283818497
0.0	-0.14855855875290125	-0.15558443810154127	-0.09966858511392336	-0.10691917523355801	0.09112540060353579	-0.06267750121538601
0.0	0.03999671829204828	0.040240123330532285	0.030646344309772873	0.022422413802280855	-0.024510322692991245	0.024522644592420487
0.0	7.582938110459297e-18	-8.588025450146104e-14	2.5073438858395184e-9	-7.247337686787595e-5	0.029815938721947596	-0.00015223801119778918
0.3596160214207173	7.488224756636479e-18	-3.54201151450867e-11	-4.962425903959272e-11	1.1443014655526165e-6	-0.0004707779882908248	2.4020909174872407e-6
1.3421052631578947	2.0783180615043407e-17	-1.3200062352150094e-10	-5.053667220099894e-10	1.3525250877179228e-5	-0.00556438428281215	2.8405126761010742e-5
0.0	-0.1590471456702175	0.03480844946619048	-0.007681940097014894	0.026445971643209915	0.09827154455410601	0.005106633400090488
0.0	-0.14882177960554008	-0.1594927775475481	-0.10762725690573435	-0.13343892569914878	0.0910727773088851	-0.09218718343285652
0.0	0.04007091833900967	0.0413401564824606	0.03288944358183255	0.029873972320707553	-0.024495653554735233	0.032820561798354575
0.0	-4.653193412489088e-18	6.534365650306931e-14	-1.5043776652810015e-9	4.348402609758503e-5	-0.01788956323318715	9.134280764819972e-5
0.3807699050337007	7.624400814695908e-18	-3.5597382984149184e-11	-1.0399582174290956e-11	-1.4726910163994638e-11	-8.529940821016706e-12	-1.6790015115960988e-9
1.4210526315789473	2.0876769943274876e-17	-1.3265583764564236e-10	-4.8995006785532e-10	1.3040385048136986e-5	-0.0053649074265018646	2.738656837296201e-5
0.0	-0.17162273684673976	0.021287446767819376	-0.017013155964386104	0.014694427486098954	0.10596198337181956	-0.0034959063993774903
0.0	-0.14891682068863632	-0.16099905980771106	-0.11055244537187142	-0.1445804199872537	0.09104318918721627	-0.10417527787030643
0.0	0.04009822310746696	0.041773638266209584	0.03373007344288063	0.033085822620472154	-0.02448707846239632	0.036274027937415756
0.0	1.4500983327581998e-18	-1.5588533438177755e-14	5.014721659074145e-10	-1.4494675376333994e-5	0.005963187744401713	-3.0447602130721065e-5
0.40192378864668404	7.515056389664996e-18	-3.564965735268197e-11	-5.0100713898132416e-11	1.1443018366967052e-6	-0.00047077798836935145	2.4020754517683045e-6
1.5	2.0942381139591087e-17	-1.3285647939142808e-10	-4.799233639932949e-10	1.2738534681553834e-5	-0.005240724421979178	2.675248548536845e-5
0.0	-0.18421542592758186	0.007689443130612889	-0.026476171649628344	0.0024541194773592652	0.11365912595709593	-0.012620165296615584
0.0	-0.1489344339327629	-0.1612931863520197	-0.11109943030314919	-0.14686846798138858	0.09103618649702176	-0.10658747182863362
0.0	0.04010312690951332	0.041855527695262774	0.03388236258206427	0.033722850905319554	-0.02448512880227296	0.036945620743656496
0.0	1.52321321572292e-18	-1.860164902777338e-14	5.014658494511244e-10	-1.44946753711816e-5	0.005963187744400685	-3.044760233350678e-5
-25.0	0.0	0.0	0.0	0.0	0.0	0.0
0.0	0.0	0.0	0.0	0.0	0.0	0.0
0.0	0.0	0.0	0.0	0.0	0.0	0.0
-0.0	0.0	0.0	0.0	0.0	0.0	0.0
0.0	0.0	0.0	0.0	0.0	0.0	0.0
-0.0	0.0	0.0	0.0	0.0	0.0	0.0
-25.0	0.0	0.0	0.0	0.0	0.0	0.0
0.0	0.0	0.0	0.0	0.0	0.0	0.0
0.0	0.0	0.0	0.0	0.0	0.0	0.0
-0.0	0.0	0.0	0.0	0.0	0.0	0.0
0.0	0.0	0.0	0.0	0.0	0.0	0.0
-0.0	0.0	0.0	0.0	0.0	0.0	0.0
-25.0	0.0	0.0	0.0	0.0	0.0	0.0
0.0	0.0	0.0	0.0	0.0	0.0	0.0
0.0	0.0	0.0	0.0	0.0	0.0	0.0
-0.0	0.0	0.0	0.0	0.0	0.0	0.0
0.0	0.0	0.0	0.0	0.0	0.0	0.0
-0.0	0.0	0.0	0.0	0.0	0.0	0.0
-25.0	0.0	0.0	0.0	0.0	0.0	0.0
0.0	0.0	0.0	0.0	0.0	0.0	0.0
0.0	0.0	0.0	0.0	0.0	0.0	0.0
-0.0	0.0	0.0	0.0	0.0	0.0	0.0
0.0	0.0	0.0	0.0	0.0	0.0	0.0
-0.0	0.0	0.0	0.0	0.0	0.0	0.0
-25.0	0.0	0.0	0.0	0.0	0.0	0.0
0.0	0.0	0.0	0.0	0.0	0.0	0.0
0.0	0.0	0.0	0.0	0.0	0.0	0.0
-0.0	0.0	0.0	0.0	0.0	0.0	0.0
0.0	0.0	0.0	0.0	0.0	0.0	0.0
-0.0	0.0	0.0	0.0	0.0	0.0	0.0
-25.0	0.0	0.0	0.0	0.0	0.0	0.0
0.0	0.0	0.0	0.0	0.0	0.0	0.0
0.0	0.0	0.0	0.0	0.0	0.0	0.0
-0.0	0.0	0.0	0.0	0.0	0.0	0.0
0.0	0.0	0.0	0.0	0.0	0.0	0.0
-0.0	0.0	0.0	0.0	0.0	0.0	0.0
-25.0	0.0	0.0	0.0	0.0	0.0	0.0
0.0	0.0	0.0	0.0	0.0	0.0	0.0
0.0	0.0	0.0	0.0	0.0	0.0	0.0
-0.0	0.0	0.0	0.0	0.0	0.0	0.0
0.0	0.0	0.0	0.0	0.0	0.0	0.0
-0.0	0.0	0.0	0.0	0.0	0.0	0.0
-25.0	0.0	0.0	0.0	0.0	0.0	0.0
0.0	0.0	0.0	0.0	0.0	0.0	0.0
0.0	0.0	0.0	0.0	0.0	0.0	0.0
-0.0	0.0	0.0	0.0	0.0	0.0	0.0
0.0	0.0	0.0	0.0	0.0	0.0	0.0
-0.0	0.0	0.0	0.0	0.0	0.0	0.0
-25.0	0.0	0.0	0.0	0.0	0.0	0.0
0.0	0.0	0.0	0.0	0.0	0.0	0.0
0.0	0.0	0.0	0.0	0.0	0.0	0.0
-0.0	0.0	0.0	0.0	0.0	0.0	0.0
0.0	0.0	0.0	0.0	0.0	0.0	0.0
-0.0	0.0	0.0	0.0	0.0	0.0	0.0
-25.0	0.0	0.0	0.0	0.0	0.0	0.0
0.0	0.0	0.0	0.0	0.0	0.0	0.0
0.0	0.0	0.0	0.0	0.0	0.0	0.0
-0.0	0.0	0.0	0.0	0.0	0.0	0.0
0.0	0.0	0.0	0.0	0.0	0.0	0.0
-0.0	0.0	0.0	0.0	0.0	0.0	0.0
-25.0	0.0	0.0	0.0	0.0	0.0	0.0
0.0	0.0	0.0	0.0	0.0	0.0	0.0
0.0	0.0	0.0	0.0	0.0	0.0	0.0
-0.0	0.0	0.0	0.0	0.0	0.0	0.0
0.0	0.0	0.0	0.0	0.0	0.0	0.0
-0.0	0.0	0.0	0.0	0.0	0.0	0.0
-25.0	0.0	0.0	0.0	0.0	0.0	0.0
0.0	0.0	0.0	0.0	0.0	0.0	0.0
0.0	0.0	0.0	0.0	0.0	0.0	0.0
-0.0	0.0	0.0	0.0	0.0	0.0	0.0
0.0	0.0	0.0	0.0	0.0	0.0	0.0
-0.0	0.0	0.0	0.0	0.0	0.0	0.0
-25.0	0.0	0.0	0.0	0.0	0.0	0.0
0.0	0.0	0.0	0.0	0.0	0.0	0.0
0.0	0.0	0.0	0.0	0.0	0.0	0.0
-0.0	0.0	0.0	0.0	0.0	0.0	0.0
0.0	0.0	0.0	0.0	0.0	0.0	0.0
-0.0	0.0	0.0	0.0	0.0	0.0	0.0
-25.0	0.0	0.0	0.0	0.0	0.0	0.0
0.0	0.0	0.0	0.0	0.0	0.0	0.0
0.0	0.0	0.0	0.0	0.0	0.0	0.0
-0.0	0.0	0.0	0.0	0.0	0.0	0.0
0.0	0.0	0.0	0.0	0.0	0.0	0.0
-0.0	0.0	0.0	0.0	0.0	0.0	0.0
-25.0	0.0	0.0	0.0	0.0	0.0	0.0
0.0	0.0	0.0	0.0	0.0	0.0	0.0
0.0	0.0	0.0	0.0	0.0	0.0	0.0
-0.0	0.0	0.0	0.0	0.0	0.0	0.0
0.0	0.0	0.0	0.0	0.0	0.0	0.0
-0.0	0.0	0.0	0.0	0.0	0.0	0.0
-25.0	0.0	0.0	0.0	0.0	0.0	0.0
0.0	0.0	0.0	0.0	0.0	0.0	0.0
0.0	0.0	0.0	0.0	0.0	0.0	0.0
-0.0	0.0	0.0	0.0	0.0	0.0	0.0
0.0	0.0	0.0	0.0	0.0	0.0	0.0
-0.0	0.0	0.0	0.0	0.0	0.0	0.0
-25.0	0.0	0.0	0.0	0.0	0.0	0.0
0.0	0.0	0.0	0.0	0.0	0.0	0.0
0.0	0.0	0.0	0.0	0.0	0.0	0.0
-0.0	0.0	0.0	0.0	0.0	0.0	0.0
0.0	0.0	0.0	0.0	0.0	0.0	0.0
-0.0	0.0	0.0	0.0	0.0	0.0	0.0
-25.0	0.0	0.0	0.0	0.0	0.0	0.0
0.0	0.0	0.0	0.0	0.0	0.0	0.0
0.0	0.0	0.0	0.0	0.0	0.0	0.0
-0.0	0.0	0.0	0.0	0.0	0.0	0.0
0.0	0.0	0.0	0.0	0.0	0.0	0.0
-0.0	0.0	0.0	0.0	0.0	0.0	0.0
-25.0	0.0	0.0	0.0	0.0	0.0	0.0
0.0	0.0	0.0	0.0	0.0	0.0	0.0
0.0	0.0	0.0	0.0	0.0	0.0	0.0
-0.0	0.0	0.0	0.0	0.0	0.0	0.0
0.0	0.0	0.0	0.0	0.0	0.0	0.0
-0.0	0.0	0.0	0.0	0.0	0.0	0.0
-25.0	0.0	0.0	0.0	0.0	0.0	0.0
0.0	0.0	0.0	0.0	0.0	0.0	0.0
-0.0	0.0	0.0	0.0	0.0	0.0	0.0
-0.0	0.0	0.0	0.0	0.0	0.0	0.0
0.0	0.0	0.0	0.0	0.0	0.0	0.0
-0.0	0.0	0.0	0.0	0.0	0.0	0.0
-25.0	0.0	0.0	0.0	0.0	0.0	0.0
0.0	0.0	0.0	0.0	0.0	0.0	0.0
-0.0	0.0	0.0	0.0	0.0	0.0	0.0
-0.0	0.0	0.0	0.0	0.0	0.0	0.0
0.0	0.0	0.0	0.0	0.0	0.0	0.0
-0.0	0.0	0.0	0.0	0.0	0.0	0.0
-25.0	0.0	0.0	0.0	0.0	0.0	0.0
0.0	0.0	0.0	0.0	0.0	0.0	0.0
-0.0	0.0	0.0	0.0	0.0	0.0	0.0
-0.0	0.0	0.0	0.0	0.0	0.0	0.0
0.0	0.0	0.0	0.0	0.0	0.0	0.0
-0.0	0.0	0.0	0.0	0.0	0.0	0.0
-25.0	0.0	0.0	0.0	0.0	0.0	0.0
0.0	0.0	0.0	0.0	0.0	0.0	0.0
-0.0	0.0	0.0	0.0	0.0	0.0	0.0
-0.0	0.0	0.0	0.0	0.0	0.0	0.0
0.0	0.0	0.0	0.0	0.0	0.0	0.0
-0.0	0.0	0.0	0.0	0.0	0.0	0.0
-25.0	0.0	0.0	0.0	0.0	0.0	0.0
0.0	0.0	0.0	0.0	0.0	0.0	0.0
-0.0	0.0	0.0	0.0	0.0	0.0	0.0
-0.0	0.0	0.0	0.0	0.0	0.0	0.0
0.0	0.0	0.0	0.0	0.0	0.0	0.0
-0.0	0.0	0.0	0.0	0.0	0.0	0.0
-25.0	0.0	0.0	0.0	0.0	0.0	0.0
0.0	0.0	0.0	0.0	0.0	0.0	0.0
-0.0	0.0	0.0	0.0	0.0	0.0	0.0
-0.0	0.0	0.0	0.0	0.0	0.0	0.0
0.0	0.0	0.0	0.0	0.0	0.0	0.0
-0.0	0.0	0.0	0.0	0.0	0.0	0.0
-25.0	0.0	0.0	0.0	0.0	0.0	0.0
0.0	0.0	0.0	0.0	0.0	0.0	0.0
-0.0	0.0	0.0	0.0	0.0	0.0	0.0
-0.0	0.0	0.0	0.0	0.0	0.0	0.0
0.0	0.0	0.0	0.0	0.0	0.0	0.0
-0.0	0.0	0.0	0.0	0.0	0.0	0.0
-25.0	0.0	0.0	0.0	0.0	0.0	0.0
0.0	0.0	0.0	0.0	0.0	0.0	0.0
-0.0	0.0	0.0	0.0	0.0	0.0	0.0
-0.0	0.0	0.0	0.0	0.0	0.0	0.0
0.0	0.0	0.0	0.0	0.0	0.0	0.0
-0.0	0.0	0.0	0.0	0.0	0.0	0.0
-25.0	0.0	0.0	0.0	0.0	0.0	0.0
0.0	0.0	0.0	0.0	0.0	0.0	0.0
-0.0	0.0	0.0	0.0	0.0	0.0	0.0
-0.0	0.0	0.0	0.0	0.0	0.0	0.0
0.0	0.0	0.0	0.0	0.0	0.0	0.0
-0.0	0.0	0.0	0.0	0.0	0.0	0.0
-25.0	0.0	0.0	0.0	0.0	0.0	0.0
0.0	0.0	0.0	0.0	0.0	0.0	0.0
-0.0	0.0	0.0	0.0	0.0	0.0	0.0
-0.0	0.0	0.0	0.0	0.0	0.0	0.0
0.0	0.0	0.0	0.0	0.0	0.0	0.0
-0.0	0.0	0.0	0.0	0.0	0.0	0.0
-25.0	0.0	0.0	0.0	0.0	0.0	0.0
0.0	0.0	0.0	0.0	0.0	0.0	0.0
-0.0	0.0	0.0	0.0	0.0	0.0	0.0
-0.0	0.0	0.0	0.0	0.0	0.0	0.0
0.0	0.0	0.0	0.0	0.0	0.0	0.0
-0.0	0.0	0.0	0.0	0.0	0.0	0.0
-25.0	0.0	0.0	0.0	0.0	0.0	0.0
0.0	0.0	0.0	0.0	0.0	0.0	0.0
-0.0	0.0	0.0	0.0	0.0	0.0	0.0
-0.0	0.0	0.0	0.0	0.0	0.0	0.0
0.0	0.0	0.0	0.0	0.0	0.0	0.0
-0.0	0.0	0.0	0.0	0.0	0.0	0.0
-25.0	0.0	0.0	0.0	0.0	0.0	0.0
0.0	0.0	0.0	0.0	0.0	0.0	0.0
-0.0	0.0	0.0	0.0	0.0	0.0	0.0
-0.0	0.0	0.0	0.0	0.0	0.0	0.0
0.0	0.0	0.0	0.0	0.0	0.0	0.0
-0.0	0.0	0.0	0.0	0.0	0.0	0.0
-25.0	0.0	0.0	0.0	0.0	0.0	0.0
0.0	0.0	0.0	0.0	0.0	0.0	0.0
-0.0	0.0	0.0	0.0	0.0	0.0	0.0
-0.0	0.0	0.0	0.0	0.0	0.0	0.0
0.0	0.0	0.0	0.0	0.0	0.0	0.0
-0.0	0.0	0.0	0.0	0.0	0.0	0.0
-25.0	0.0	0.0	0.0	0.0	0.0	0.0
0.0	0.0	0.0	0.0	0.0	0.0	0.0
-0.0	0.0	0.0	0.0	0.0	0.0	0.0
-0.0	0.0	0.0	0.0	0.0	0.0	0.0
0.0	0.0	0.0	0.0	0.0	0.0	0.0
-0.0	0.0	0.0	0.0	0.0	0.0	0.0
-25.0	0.0	0.0	0.0	0.0	0.0	0.0
0.0	0.0	0.0	0.0	0.0	0.0	0.0
-0.0	0.0	0.0	0.0	0.0	0.0	0.0
-0.0	0.0	0.0	0.0	0.0	0.0	0.0
0.0	0.0	0.0	0.0	0.0	0.0	0.0
-0.0	0.0	0.0	0.0	0.0	0.0	0.0
-25.0	0.0	0.0	0.0	0.0	0.0	0.0
0.0	0.0	0.0	0.0	0.0	0.0	0.0
-0.0	0.0	0.0	0.0	0.0	0.0	0.0
-0.0	0.0	0.0	0.0	0.0	0.0	0.0
0.0	0.0	0.0	0.0	0.0	0.0	0.0
-0.0	0.0	0.0	0.0	0.0	0.0	0.0
-25.0	0.0	0.0	0.0	0.0	0.0	0.0
0.0	0.0	0.0	0.0	0.0	0.0	0.0
-0.0	0.0	0.0	0.0	0.0	0.0	0.0
-0.0	0.0	0.0	0.0	0.0	0.0	0.0
0.0	0.0	0.0	0.0	0.0	0.0	0.0
-0.0	0.0	0.0	0.0	0.0	0.0	0.0
-25.0	0.0	0.0	0.0	0.0	0.0	0.0
0.0	0.0	0.0	0.0	0.0	0.0	0.0
-0.0	0.0	0.0	0.0	0.0	0.0	0.0
-0.0	0.0	0.0	0.0	0.0	0.0	0.0
0.0	0.0	0.0	0.0	0.0	0.0	0.0
-0.0	0.0	0.0	0.0	0.0	0.0	0.0
-25.0	0.0	0.0	0.0	0.0	0.0	0.0
0.0	0.0	0.0	0.0	0.0	0.0	0.0
-0.0	0.0	0.0	0.0	0.0	0.0	0.0
-0.0	0.0	0.0	0.0	0.0	0.0	0.0
0.0	0.0	0.0	0.0	0.0	0.0	0.0
-0.0	0.0	0.0	0.0	0.0	0.0	0.0
