0.0	1.7414415295551437e-18	-3.1771277094005746e-18	3.4572460898859005e-17	3.4572460898859005e-17	1.5924587184788703e-16	4.1247789901876867e-17	0.0	0.0	0.0	0.0	0.0	0.0	0.0	0.0	0.0	0.0	0.0	0.0	0.0	0.0	0.0	0.0	0.0	0.0
-1.5	3.715914506046151e-21	-6.639337548485256e-21	5.831549077800316e-20	5.831549077800316e-20	2.8657172207602306e-19	4.0633015852238096e-20	0.0	0.0	0.0	0.0	0.0	0.0	0.0	0.0	0.0	0.0	0.0	0.0	0.0	0.0	0.0	0.0	0.0	0.0
0.0	0.15106259669927713	-0.11945520202107718	0.10544522527302314	0.10544522527302314	0.011194416210774907	-0.07349874913725787	0.0	0.0	0.0	0.0	0.0	0.0	0.0	0.0	0.0	0.0	0.0	0.0	0.0	0.0	0.0	0.0	0.0	0.0
0.0	-0.1384843129462588	0.10950871983668792	-0.33183697672364487	-0.33183697672364487	-0.059810467379873604	0.39269529155661465	0.0	0.0	0.0	0.0	0.0	0.0	0.0	0.0	0.0	0.0	0.0	0.0	0.0	0.0	0.0	0.0	0.0	0.0
0.0	-0.0005939145015276475	0.0004696475389240016	0.002817030871942003	0.002817030871942003	-0.0018691725758341515	0.012272354686980798	0.0	0.0	0.0	0.0	0.0	0.0	0.0	0.0	0.0	0.0	0.0	0.0	0.0	0.0	0.0	0.0	0.0	0.0
0.0	-1.6731702705138858e-18	2.7564936247294964e-18	-2.160518900647213e-17	-2.160518900647213e-17	-1.0821974194739848e-16	-6.066725798762643e-18	0.0	0.0	0.0	0.0	0.0	0.0	0.0	0.0	0.0	0.0	0.0	0.0	0.0	0.0	0.0	0.0	0.0	0.0
0.0	3.3622601131136282e-18	-6.345478441880104e-18	5.899415224686638e-17	5.899415224686638e-17	2.318988641130598e-16	2.8538385920122286e-17	0.0	0.0	0.0	0.0	0.0	0.0	0.0	0.0	0.0	0.0	0.0	0.0	0.0	0.0	0.0	0.0	0.0	0.0
-1.4210526315789473	-1.3181131766431744e-18	2.1926560801449883e-18	-1.6213643324653644e-17	-1.6213643324653644e-17	-7.135932669825454e-17	-8.488870504619821e-18	0.0	0.0	0.0	0.0	0.0	0.0	0.0	0.0	0.0	0.0	0.0	0.0	0.0	0.0	0.0	0.0	0.0	0.0
0.0	0.14013083303890703	-0.11081073234407543	0.07928497488537237	0.07928497488537237	0.006506909141891819	-0.04272216377138854	0.0	0.0	0.0	0.0	0.0	0.0	0.0	0.0	0.0	0.0	0.0	0.0	0.0	0.0	0.0	0.0	0.0	0.0
0.0	-0.1384381835152678	0.10947224223986018	-0.33049856898078966	-0.33049856898078966	-0.058632685301244235	0.3849623729384676	0.0	0.0	0.0	0.0	0.0	0.0	0.0	0.0	0.0	0.0	0.0	0.0	0.0	0.0	0.0	0.0	0.0	0.0
0.0	-0.0005905561008584591	0.00046699182904498727	0.0029002896036105026	0.0029002896036105026	-0.0017972204845540488	0.011799941601107826	0.0	0.0	0.0	0.0	0.0	0.0	0.0	0.0	0.0	0.0	0.0	0.0	0.0	0.0	0.0	0.0	0.0	0.0
0.0	3.3904640849215455e-18	-6.248760247967437e-18	7.74147549273367e-17	7.74147549273367e-17	3.7102886789659316e-16	2.576861760691854e-17	0.0	0.0	0.0	0.0	0.0	0.0	0.0	0.0	0.0	0.0	0.0	0.0	0.0	0.0	0.0	0.0	0.0	0.0
0.0	-3.763500114629746e-18	6.439397595386516e-18	-5.279328020269068e-17	-5.279328020269068e-17	-2.370560490637587e-16	-4.177519156364874e-17	0.0	0.0	0.0	0.0	0.0	0.0	0.0	0.0	0.0	0.0	0.0	0.0	0.0	0.0	0.0	0.0	0.0	0.0
-1.3421052631578947	-3.2370790275187437e-18	5.996051837344908e-18	-6.487993308544725e-17	-6.487993308544725e-17	-3.376158571220581e-16	-4.9174369053230855e-17	0.0	0.0	0.0	0.0	0.0	0.0	0.0	0.0	0.0	0.0	0.0	0.0	0.0	0.0	0.0	0.0	0.0	0.0
0.0	0.12920836939876973	-0.10217361680913122	0.05337529187930985	0.05337529187930985	0.002026670737491376	-0.013306434325830445	0.0	0.0	0.0	0.0	0.0	0.0	0.0	0.0	0.0	0.0	0.0	0.0	0.0	0.0	0.0	0.0	0.0	0.0
0.0	-0.13821977345561612	0.1092995309375977	-0.32489870553574307	-0.32489870553574307	-0.05419946174586883	0.35585532708401346	0.0	0.0	0.0	0.0	0.0	0.0	0.0	0.0	0.0	0.0	0.0	0.0	0.0	0.0	0.0	0.0	0.0	0.0
0.0	-0.0005814578236625011	0.00045979721857072897	0.003097590297892229	0.003097590297892229	-0.001646290298221657	0.010808985065881403	0.0	0.0	0.0	0.0	0.0	0.0	0.0	0.0	0.0	0.0	0.0	0.0	0.0	0.0	0.0	0.0	0.0	0.0
0.0	-3.1835706626547716e-19	5.758165133497247e-19	-5.7718802700161176e-18	-5.7718802700161176e-18	-2.8598036087675e-17	-3.912959586086493e-18	0.0	0.0	0.0	0.0	0.0	0.0	0.0	0.0	0.0	0.0	0.0	0.0	0.0	0.0	0.0	0.0	0.0	0.0
0.0	9.895515907198424e-20	-1.787929460485626e-19	1.779853506484302e-18	1.779853506484302e-18	8.310573776523902e-18	2.0521688169655733e-18	0.0	0.0	0.0	0.0	0.0	0.0	0.0	0.0	0.0	0.0	0.0	0.0	0.0	0.0	0.0	0.0	0.0	0.0
-1.263157894736842	3.1132886413327077e-18	-4.962588408817442e-18	3.104634832463354e-17	3.104634832463354e-17	1.0266142676936328e-16	3.743864448164014e-17	0.0	0.0	0.0	0.0	0.0	0.0	0.0	0.0	0.0	0.0	0.0	0.0	0.0	0.0	0.0	0.0	0.0	0.0
0.0	0.11831504813301938	-0.09355954608008749	0.028169476052908416	0.028169476052908416	-0.0019293368011004085	0.012667372631799737	0.0	0.0	0.0	0.0	0.0	0.0	0.0	0.0	0.0	0.0	0.0	0.0	0.0	0.0	0.0	0.0	0.0	0.0
0.0	-0.13767285987737213	0.10886705014218884	-0.3122644840538597	-0.3122644840538597	-0.04523575462684006	0.2970026590699399	0.0	0.0	0.0	0.0	0.0	0.0	0.0	0.0	0.0	0.0	0.0	0.0	0.0	0.0	0.0	0.0	0.0	0.0
0.0	-0.0005674447076008284	0.0004487161194325827	0.003363226264467789	0.003363226264467789	-0.0014711201798055821	0.009658877338301211	0.0	0.0	0.0	0.0	0.0	0.0	0.0	0.0	0.0	0.0	0.0	0.0	0.0	0.0	0.0	0.0	0.0	0.0
0.0	3.2053273178886785e-18	-5.708808084112381e-18	5.829254472421475e-17	5.829254472421475e-17	3.0055230333994133e-16	7.280207596540565e-17	0.0	0.0	0.0	0.0	0.0	0.0	0.0	0.0	0.0	0.0	0.0	0.0	0.0	0.0	0.0	0.0	0.0	0.0
0.0	-3.750014900378639e-18	6.96490419044326e-18	-7.289866721025063e-17	-7.289866721025063e-17	-3.431729247237445e-16	-8.56644434440656e-17	0.0	0.0	0.0	0.0	0.0	0.0	0.0	0.0	0.0	0.0	0.0	0.0	0.0	0.0	0.0	0.0	0.0	0.0
-1.1842105263157894	1.2212171763141088e-18	-2.354100086347514e-18	3.004214108872039e-17	3.004214108872039e-17	1.5641350774546053e-16	1.6083143342745842e-17	0.0	0.0	0.0	0.0	0.0	0.0	0.0	0.0	0.0	0.0	0.0	0.0	0.0	0.0	0.0	0.0	0.0	0.0
0.0	0.10748261668663031	-0.08499362496472539	0.004297890476762821	0.004297890476762821	-0.004997334235748678	0.03281080571099573	0.0	0.0	0.0	0.0	0.0	0.0	0.0	0.0	0.0	0.0	0.0	0.0	0.0	0.0	0.0	0.0	0.0	0.0
0.0	-0.13665208101919024	0.10805985267976545	-0.29088234900181154	-0.29088234900181154	-0.031807433494775814	0.20883684607726638	0.0	0.0	0.0	0.0	0.0	0.0	0.0	0.0	0.0	0.0	0.0	0.0	0.0	0.0	0.0	0.0	0.0	0.0
0.0	-0.0005491349995956719	0.00043423742042639386	0.0036586676402210164	0.0036586676402210164	-0.0013150440058682963	0.008634133989589995	0.0	0.0	0.0	0.0	0.0	0.0	0.0	0.0	0.0	0.0	0.0	0.0	0.0	0.0	0.0	0.0	0.0	0.0
0.0	3.9656064421205326e-18	-7.053229622367337e-18	6.76483294338691e-17	6.76483294338691e-17	3.0729721708861643e-16	5.31445847188843e-17	0.0	0.0	0.0	0.0	0.0	0.0	0.0	0.0	0.0	0.0	0.0	0.0	0.0	0.0	0.0	0.0	0.0	0.0
0.0	-3.6508499107756995e-18	5.8537105803078214e-18	-4.401525319717601e-17	-4.401525319717601e-17	-1.8963986273148289e-16	-2.6375544391303454e-17	0.0	0.0	0.0	0.0	0.0	0.0	0.0	0.0	0.0	0.0	0.0	0.0	0.0	0.0	0.0	0.0	0.0	0.0
-1.105263157894737	2.2560583911222527e-18	-4.11429938534231e-18	3.966710771594796e-17	3.966710771594796e-17	1.6772125221073133e-16	3.439074168352742e-17	0.0	0.0	0.0	0.0	0.0	0.0	0.0	0.0	0.0	0.0	0.0	0.0	0.0	0.0	0.0	0.0	0.0	0.0
0.0	0.09675385996816406	-0.0765096863244371	-0.017515278602656746	-0.017515278602656746	-0.006865940158579235	0.04507943994554065	0.0	0.0	0.0	0.0	0.0	0.0	0.0	0.0	0.0	0.0	0.0	0.0	0.0	0.0	0.0	0.0	0.0	0.0
0.0	-0.13502320610545543	0.10677179338422468	-0.2600837923981407	-0.2600837923981407	-0.015131684834966071	0.09934952272516705	0.0	0.0	0.0	0.0	0.0	0.0	0.0	0.0	0.0	0.0	0.0	0.0	0.0	0.0	0.0	0.0	0.0	0.0
0.0	-0.0005270232186072875	0.00041675217045236354	0.003950381794709872	0.003950381794709872	-0.001209445574588467	0.007940810419681608	0.0	0.0	0.0	0.0	0.0	0.0	0.0	0.0	0.0	0.0	0.0	0.0	0.0	0.0	0.0	0.0	0.0	0.0
0.0	6.292178511498258e-19	-1.0650843439839074e-18	9.154598666012958e-18	9.154598666012958e-18	4.444261744054089e-17	3.623483350876044e-18	0.0	0.0	0.0	0.0	0.0	0.0	0.0	0.0	0.0	0.0	0.0	0.0	0.0	0.0	0.0	0.0	0.0	0.0
0.0	-1.328566927133024e-20	2.3888666126514266e-20	-2.377542485139188e-19	-2.377542485139188e-19	-1.1272536792981821e-18	-2.001787237384273e-19	0.0	0.0	0.0	0.0	0.0	0.0	0.0	0.0	0.0	0.0	0.0	0.0	0.0	0.0	0.0	0.0	0.0	0.0
-1.0263157894736843	-7.967241578265724e-19	1.4278888190403484e-18	-1.456868679752723e-17	-1.456868679752723e-17	-6.030777137825501e-17	-1.0033392339360843e-17	0.0	0.0	0.0	0.0	0.0	0.0	0.0	0.0	0.0	0.0	0.0	0.0	0.0	0.0	0.0	0.0	0.0	0.0
0.0	0.08618171286568956	-0.06814958928177446	-0.036532905052704755	-0.036532905052704755	-0.007355333525056511	0.048292631200624214	0.0	0.0	0.0	0.0	0.0	0.0	0.0	0.0	0.0	0.0	0.0	0.0	0.0	0.0	0.0	0.0	0.0	0.0
0.0	-0.13266335821869207	0.10490570533720636	-0.22019864701105446	-0.22019864701105446	0.0027399250145935874	-0.017989420571777704	0.0	0.0	0.0	0.0	0.0	0.0	0.0	0.0	0.0	0.0	0.0	0.0	0.0	0.0	0.0	0.0	0.0	0.0
0.0	-0.0005015272666776948	0.00039659083233811656	0.004209070551583159	0.004209070551583159	-0.0011723753573098	0.007697419915941165	0.0	0.0	0.0	0.0	0.0	0.0	0.0	0.0	0.0	0.0	0.0	0.0	0.0	0.0	0.0	0.0	0.0	0.0
0.0	4.927969488697251e-18	-7.993001105109788e-18	6.923339532345241e-17	6.923339532345241e-17	3.455828722475967e-16	6.945145047416662e-18	0.0	0.0	0.0	0.0	0.0	0.0	0.0	0.0	0.0	0.0	0.0	0.0	0.0	0.0	0.0	0.0	0.0	0.0
0.0	2.382447915412029e-18	-4.088887181748032e-18	3.6411268494840964e-17	3.6411268494840964e-17	1.5257440831667698e-16	2.5275506961277042e-17	0.0	0.0	0.0	0.0	0.0	0.0	0.0	0.0	0.0	0.0	0.0	0.0	0.0	0.0	0.0	0.0	0.0	0.0
-0.9473684210526315	2.6198170020848125e-18	-4.585591292679527e-18	4.6358134155923244e-17	4.6358134155923244e-17	2.359445164148528e-16	3.554158250913762e-17	0.0	0.0	0.0	0.0	0.0	0.0	0.0	0.0	0.0	0.0	0.0	0.0	0.0	0.0	0.0	0.0	0.0	0.0
0.0	0.07582835735325287	-0.0599625052427244	-0.05208071444651382	-0.05208071444651382	-0.006467184896200974	0.04246134781462811	0.0	0.0	0.0	0.0	0.0	0.0	0.0	0.0	0.0	0.0	0.0	0.0	0.0	0.0	0.0	0.0	0.0	0.0
0.0	-0.1294611750345956	0.10237352697192979	-0.1724722018164374	-0.1724722018164374	0.019338637055802663	-0.12697094755220348	0.0	0.0	0.0	0.0	0.0	0.0	0.0	0.0	0.0	0.0	0.0	0.0	0.0	0.0	0.0	0.0	0.0	0.0
0.0	-0.00047301624011591596	0.0003740452749851918	0.004409647992086106	0.004409647992086106	-0.0012076323525843824	0.007928905417435827	0.0	0.0	0.0	0.0	0.0	0.0	0.0	0.0	0.0	0.0	0.0	0.0	0.0	0.0	0.0	0.0	0.0	0.0
0.0	3.4622116765829966e-18	-5.411849737586658e-18	3.8531379807607005e-17	3.8531379807607005e-17	2.0495819689428278e-16	3.316653234727668e-17	0.0	0.0	0.0	0.0	0.0	0.0	0.0	0.0	0.0	0.0	0.0	0.0	0.0	0.0	0.0	0.0	0.0	0.0
0.0	-2.8376018766691144e-18	4.449106699415183e-18	-2.6476791855166883e-17	-2.6476791855166883e-17	-1.0500412062063299e-16	-3.077095601297491e-17	0.0	0.0	0.0	0.0	0.0	0.0	0.0	0.0	0.0	0.0	0.0	0.0	0.0	0.0	0.0	0.0	0.0	0.0
-0.868421052631579	-9.787713864281662e-19	1.7052486247244267e-18	-1.5188161829160635e-17	-1.5188161829160635e-17	-7.944865119655212e-17	-5.584136815074294e-18	0.0	0.0	0.0	0.0	0.0	0.0	0.0	0.0	0.0	0.0	0.0	0.0	0.0	0.0	0.0	0.0	0.0	0.0
0.0	0.06576430974549705	-0.052004196128474	-0.06361508723563133	-0.06361508723563133	-0.004399322807322969	0.028884465013836454	0.0	0.0	0.0	0.0	0.0	0.0	0.0	0.0	0.0	0.0	0.0	0.0	0.0	0.0	0.0	0.0	0.0	0.0
0.0	-0.12531689264964418	0.09909636836123858	-0.11894576279052224	-0.11894576279052224	0.03224473307066626	-0.21170800712454332	0.0	0.0	0.0	0.0	0.0	0.0	0.0	0.0	0.0	0.0	0.0	0.0	0.0	0.0	0.0	0.0	0.0	0.0
0.0	-0.0004418271239681677	0.00034938197479244724	0.0045315852642948285	0.0045315852642948285	-0.0013050910122530774	0.008568786001000337	0.0	0.0	0.0	0.0	0.0	0.0	0.0	0.0	0.0	0.0	0.0	0.0	0.0	0.0	0.0	0.0	0.0	0.0
0.0	1.7284242466254084e-18	-3.294079148660697e-18	3.726233845635691e-17	3.726233845635691e-17	1.6784421055596495e-16	3.011720492919167e-17	0.0	0.0	0.0	0.0	0.0	0.0	0.0	0.0	0.0	0.0	0.0	0.0	0.0	0.0	0.0	0.0	0.0	0.0
0.0	2.9299011718493777e-18	-5.497110783421809e-18	6.404869718279652e-17	6.404869718279652e-17	3.2970285580576905e-16	2.513817983983624e-17	0.0	0.0	0.0	0.0	0.0	0.0	0.0	0.0	0.0	0.0	0.0	0.0	0.0	0.0	0.0	0.0	0.0	0.0
-0.7894736842105264	-1.7797314737869247e-18	3.1615674566616773e-18	-2.911382254001049e-17	-2.911382254001049e-17	-1.487439833311428e-16	-4.781450910433547e-18	0.0	0.0	0.0	0.0	0.0	0.0	0.0	0.0	0.0	0.0	0.0	0.0	0.0	0.0	0.0	0.0	0.0	0.0
0.0	0.056067504775174276	-0.04433629009482616	-0.07078008117304899	-0.07078008117304899	-0.0015237878706336212	0.010004675575650901	0.0	0.0	0.0	0.0	0.0	0.0	0.0	0.0	0.0	0.0	0.0	0.0	0.0	0.0	0.0	0.0	0.0	0.0
0.0	-0.12014233816014132	0.09500450534935884	-0.06230364043599271	-0.06230364043599271	0.039537159466423374	-0.2595876113995923	0.0	0.0	0.0	0.0	0.0	0.0	0.0	0.0	0.0	0.0	0.0	0.0	0.0	0.0	0.0	0.0	0.0	0.0
0.0	-0.00040827466917595865	0.00032284982617931815	0.0045593869736048395	0.0045593869736048395	-0.0014426457764156128	0.00947192403987121	0.0	0.0	0.0	0.0	0.0	0.0	0.0	0.0	0.0	0.0	0.0	0.0	0.0	0.0	0.0	0.0	0.0	0.0
0.0	1.1051167274228861e-18	-2.010645570599653e-18	2.1963331024884645e-17	2.1963331024884645e-17	1.0194163813418853e-16	1.5625434475498383e-17	0.0	0.0	0.0	0.0	0.0	0.0	0.0	0.0	0.0	0.0	0.0	0.0	0.0	0.0	0.0	0.0	0.0	0.0
0.0	-5.312795726354595e-18	8.582679687777946e-18	-5.703446203836663e-17	-5.703446203836663e-17	-2.2344468767540173e-16	-5.876132824524451e-17	0.0	0.0	0.0	0.0	0.0	0.0	0.0	0.0	0.0	0.0	0.0	0.0	0.0	0.0	0.0	0.0	0.0	0.0
-0.7105263157894737	-2.6543687685169726e-18	5.686428482482459e-18	-7.326579707651216e-17	-7.326579707651216e-17	-3.8403956572820816e-16	-7.854662882192836e-18	0.0	0.0	0.0	0.0	0.0	0.0	0.0	0.0	0.0	0.0	0.0	0.0	0.0	0.0	0.0	0.0	0.0	0.0
0.0	0.046822384264547635	-0.0370255608843079	-0.0734512427025071	-0.0734512427025071	0.0016677051915099782	-0.010949588007832212	0.0	0.0	0.0	0.0	0.0	0.0	0.0	0.0	0.0	0.0	0.0	0.0	0.0	0.0	0.0	0.0	0.0	0.0
0.0	-0.11386081716847594	0.09003729059564676	-0.005692702146456389	-0.005692702146456389	0.040158350890192505	-0.26366614410472666	0.0	0.0	0.0	0.0	0.0	0.0	0.0	0.0	0.0	0.0	0.0	0.0	0.0	0.0	0.0	0.0	0.0	0.0
0.0	-0.00037265683777057255	0.0002946844474617942	0.004483033581759877	0.004483033581759877	-0.0015897685887913606	0.010437882645898665	0.0	0.0	0.0	0.0	0.0	0.0	0.0	0.0	0.0	0.0	0.0	0.0	0.0	0.0	0.0	0.0	0.0	0.0
0.0	-1.8023874417052707e-18	3.0537602649938103e-18	-2.447623824019356e-17	-2.447623824019356e-17	-1.234844189075669e-16	-1.2185704096587636e-17	0.0	0.0	0.0	0.0	0.0	0.0	0.0	0.0	0.0	0.0	0.0	0.0	0.0	0.0	0.0	0.0	0.0	0.0
0.0	-1.2694552899223757e-18	2.404733757301296e-18	-2.7036290075427262e-17	-2.7036290075427262e-17	-1.2651367232610162e-16	-3.638017182713897e-18	0.0	0.0	0.0	0.0	0.0	0.0	0.0	0.0	0.0	0.0	0.0	0.0	0.0	0.0	0.0	0.0	0.0	0.0
-0.631578947368421	-4.834502007422596e-19	8.378256478097803e-19	-7.198984369464866e-18	-7.198984369464866e-18	-3.5070026099654504e-17	-5.808415395409495e-18	0.0	0.0	0.0	0.0	0.0	0.0	0.0	0.0	0.0	0.0	0.0	0.0	0.0	0.0	0.0	0.0	0.0	0.0
0.0	0.03811899922156912	-0.03014321779413876	-0.07176437482977162	-0.07176437482977162	0.004641804807541946	-0.03047651978069367	0.0	0.0	0.0	0.0	0.0	0.0	0.0	0.0	0.0	0.0	0.0	0.0	0.0	0.0	0.0	0.0	0.0	0.0
0.0	-0.10640688298901732	0.0841429710704018	0.04747657720442949	0.04747657720442949	0.03413604548055885	-0.22412572447207724	0.0	0.0	0.0	0.0	0.0	0.0	0.0	0.0	0.0	0.0	0.0	0.0	0.0	0.0	0.0	0.0	0.0	0.0
0.0	-0.0003352572010980071	0.0002651100772877229	0.0042982650299812335	0.0042982650299812335	-0.0017123265307531677	0.011242556624490837	0.0	0.0	0.0	0.0	0.0	0.0	0.0	0.0	0.0	0.0	0.0	0.0	0.0	0.0	0.0	0.0	0.0	0.0
0.0	-1.2320245539367112e-18	2.0490414363152042e-18	-2.0975469574743245e-17	-2.0975469574743245e-17	-1.150254723565208e-16	-1.1721673166204522e-17	0.0	0.0	0.0	0.0	0.0	0.0	0.0	0.0	0.0	0.0	0.0	0.0	0.0	0.0	0.0	0.0	0.0	0.0
0.0	-3.977533735045346e-18	7.207767846081387e-18	-7.951591274101636e-17	-7.951591274101636e-17	-3.871375420158157e-16	-3.752994997776128e-17	0.0	0.0	0.0	0.0	0.0	0.0	0.0	0.0	0.0	0.0	0.0	0.0	0.0	0.0	0.0	0.0	0.0	0.0
-0.5526315789473685	-1.1864035269765453e-18	2.0955767934237e-18	-1.9141384984462308e-17	-1.9141384984462308e-17	-9.297167022038114e-17	-1.2233702016516176e-17	0.0	0.0	0.0	0.0	0.0	0.0	0.0	0.0	0.0	0.0	0.0	0.0	0.0	0.0	0.0	0.0	0.0	0.0
0.0	0.03005213520550522	-0.02376421404489261	-0.06612822821064018	-0.06612822821064018	0.006912136516846719	-0.04538274960249559	0.0	0.0	0.0	0.0	0.0	0.0	0.0	0.0	0.0	0.0	0.0	0.0	0.0	0.0	0.0	0.0	0.0	0.0
0.0	-0.09772597499156255	0.07727840206907288	0.09373634749741284	0.09373634749741284	0.022625026662567563	-0.1485482697419829	0.0	0.0	0.0	0.0	0.0	0.0	0.0	0.0	0.0	0.0	0.0	0.0	0.0	0.0	0.0	0.0	0.0	0.0
0.0	-0.00029634512702109405	0.00023433972266993574	0.004006609554901539	0.004006609554901539	-0.0017780182187077285	0.011673866020331264	0.0	0.0	0.0	0.0	0.0	0.0	0.0	0.0	0.0	0.0	0.0	0.0	0.0	0.0	0.0	0.0	0.0	0.0
0.0	4.2258232552629195e-18	-7.177918882944037e-18	5.2672099432936865e-17	5.2672099432936865e-17	2.2445790359259157e-16	3.036149951832264e-17	0.0	0.0	0.0	0.0	0.0	0.0	0.0	0.0	0.0	0.0	0.0	0.0	0.0	0.0	0.0	0.0	0.0	0.0
0.0	3.403218511260758e-18	-5.7172527404859885e-18	4.8029965963318044e-17	4.8029965963318044e-17	2.1908232943457017e-16	5.53291900022991e-17	0.0	0.0	0.0	0.0	0.0	0.0	0.0	0.0	0.0	0.0	0.0	0.0	0.0	0.0	0.0	0.0	0.0	0.0
-0.47368421052631576	-3.54225184713825e-18	6.7016110793586466e-18	-6.562845590217885e-17	-6.562845590217885e-17	-2.559094044407838e-16	4.851981767355427e-19	0.0	0.0	0.0	0.0	0.0	0.0	0.0	0.0	0.0	0.0	0.0	0.0	0.0	0.0	0.0	0.0	0.0	0.0
0.0	0.02272047176760302	-0.017966582094551334	-0.057221037582824034	-0.057221037582824034	0.008123749454478989	-0.053337790193932255	0.0	0.0	0.0	0.0	0.0	0.0	0.0	0.0	0.0	0.0	0.0	0.0	0.0	0.0	0.0	0.0	0.0	0.0
0.0	-0.08777391424171822	0.0694086483816983	0.1297620275754209	0.1297620275754209	0.0077608021853462945	-0.05095480123215543	0.0	0.0	0.0	0.0	0.0	0.0	0.0	0.0	0.0	0.0	0.0	0.0	0.0	0.0	0.0	0.0	0.0	0.0
0.0	-0.000256174277991171	0.00020257397131199747	0.0036150859694687176	0.0036150859694687176	-0.0017615981262721807	0.011566057249189238	0.0	0.0	0.0	0.0	0.0	0.0	0.0	0.0	0.0	0.0	0.0	0.0	0.0	0.0	0.0	0.0	0.0	0.0
0.0	2.608863725221349e-18	-4.7397662309078e-18	4.85793807879854e-17	4.85793807879854e-17	2.4260083341856175e-16	2.4001200259506477e-17	0.0	0.0	0.0	0.0	0.0	0.0	0.0	0.0	0.0	0.0	0.0	0.0	0.0	0.0	0.0	0.0	0.0	0.0
0.0	4.939691838971625e-18	-7.600996088082257e-18	4.694032076440212e-17	4.694032076440212e-17	2.1761418862035153e-16	1.981131441380495e-17	0.0	0.0	0.0	0.0	0.0	0.0	0.0	0.0	0.0	0.0	0.0	0.0	0.0	0.0	0.0	0.0	0.0	0.0
-0.3947368421052632	2.3470570040528864e-18	-4.666165500154738e-18	5.61618109245766e-17	5.61618109245766e-17	2.389052681320701e-16	4.453668802870467e-17	0.0	0.0	0.0	0.0	0.0	0.0	0.0	0.0	0.0	0.0	0.0	0.0	0.0	0.0	0.0	0.0	0.0	0.0
0.0	0.016225787675731042	-0.012830805156980265	-0.045971883521775385	-0.045971883521775385	0.008119288233976849	-0.05330849932970221	0.0	0.0	0.0	0.0	0.0	0.0	0.0	0.0	0.0	0.0	0.0	0.0	0.0	0.0	0.0	0.0	0.0	0.0
0.0	-0.07651624535943148	0.06050646385684878	0.15255355987758332	0.15255355987758332	-0.0076504224827553535	0.05023008544998189	0.0	0.0	0.0	0.0	0.0	0.0	0.0	0.0	0.0	0.0	0.0	0.0	0.0	0.0	0.0	0.0	0.0	0.0
0.0	-0.0002149797557348046	0.000169998733722912	0.003135530695131012	0.003135530695131012	-0.0016490000646902409	0.010826776475073244	0.0	0.0	0.0	0.0	0.0	0.0	0.0	0.0	0.0	0.0	0.0	0.0	0.0	0.0	0.0	0.0	0.0	0.0
0.0	4.871326570830659e-18	-8.067695264763158e-18	6.256505714884712e-17	6.256505714884712e-17	3.440547895909883e-16	6.630087878767081e-17	0.0	0.0	0.0	0.0	0.0	0.0	0.0	0.0	0.0	0.0	0.0	0.0	0.0	0.0	0.0	0.0	0.0	0.0
0.0	3.95038171818233e-18	-6.4909851595084485e-18	4.301676868598829e-17	4.301676868598829e-17	1.9641805853000987e-16	2.5179735236931946e-17	0.0	0.0	0.0	0.0	0.0	0.0	0.0	0.0	0.0	0.0	0.0	0.0	0.0	0.0	0.0	0.0	0.0	0.0
-0.3157894736842105	-7.457001053465416e-19	1.2676001309389634e-18	-1.0356047293930445e-17	-1.0356047293930445e-17	-4.707562718573885e-17	-5.6166162415467745e-18	0.0	0.0	0.0	0.0	0.0	0.0	0.0	0.0	0.0	0.0	0.0	0.0	0.0	0.0	0.0	0.0	0.0	0.0
0.0	0.010672224474723985	-0.00843923485030886	-0.03352896095399801	-0.03352896095399801	0.006975927943119253	-0.04580158252346101	0.0	0.0	0.0	0.0	0.0	0.0	0.0	0.0	0.0	0.0	0.0	0.0	0.0	0.0	0.0	0.0	0.0	0.0
0.0	-0.06392741430127886	0.05055164121961771	0.1595833049783737	0.1595833049783737	-0.02055086499497019	0.13493002603619578	0.0	0.0	0.0	0.0	0.0	0.0	0.0	0.0	0.0	0.0	0.0	0.0	0.0	0.0	0.0	0.0	0.0	0.0
0.0	-0.00017297411444926726	0.0001367820905866653	0.0025835234222134967	0.0025835234222134967	-0.0014395596988830484	0.009451661898637293	0.0	0.0	0.0	0.0	0.0	0.0	0.0	0.0	0.0	0.0	0.0	0.0	0.0	0.0	0.0	0.0	0.0	0.0
0.0	-2.2433044728747435e-18	3.968139172262735e-18	-4.362036316936247e-17	-4.362036316936247e-17	-2.3364947962412336e-16	-2.004120406830367e-17	0.0	0.0	0.0	0.0	0.0	0.0	0.0	0.0	0.0	0.0	0.0	0.0	0.0	0.0	0.0	0.0	0.0	0.0
0.0	4.212197999344068e-18	-7.097862560109411e-18	5.510462712393388e-17	5.510462712393388e-17	2.769000199652715e-16	5.850890414899846e-17	0.0	0.0	0.0	0.0	0.0	0.0	0.0	0.0	0.0	0.0	0.0	0.0	0.0	0.0	0.0	0.0	0.0	0.0
-0.23684210526315796	1.4945199025146762e-18	-2.5820259633252836e-18	2.2490626750536347e-17	2.2490626750536347e-17	1.0764019216973766e-16	2.1398539535580767e-17	0.0	0.0	0.0	0.0	0.0	0.0	0.0	0.0	0.0	0.0	0.0	0.0	0.0	0.0	0.0	0.0	0.0	0.0
0.0	0.006165621715162534	-0.004875565518290617	-0.021217920976008567	-0.021217920976008567	0.00500739061396421	-0.032876832487795535	0.0	0.0	0.0	0.0	0.0	0.0	0.0	0.0	0.0	0.0	0.0	0.0	0.0	0.0	0.0	0.0	0.0	0.0
0.0	-0.04998977255858696	0.03953022462511018	0.14889718328141466	0.14889718328141466	-0.028081748602656567	0.18437525968072763	0.0	0.0	0.0	0.0	0.0	0.0	0.0	0.0	0.0	0.0	0.0	0.0	0.0	0.0	0.0	0.0	0.0	0.0
0.0	-0.00013034239266672198	0.00010307036412810611	0.0019769069931212624	0.0019769069931212624	-0.0011457618142847988	0.007522684396742819	0.0	0.0	0.0	0.0	0.0	0.0	0.0	0.0	0.0	0.0	0.0	0.0	0.0	0.0	0.0	0.0	0.0	0.0
0.0	-1.5536288676553492e-19	3.0704028275605113e-19	-4.112703004448502e-18	-4.112703004448502e-18	-2.160179423287194e-17	-3.418062072830321e-18	0.0	0.0	0.0	0.0	0.0	0.0	0.0	0.0	0.0	0.0	0.0	0.0	0.0	0.0	0.0	0.0	0.0	0.0
0.0	1.47003263330659e-18	-2.9885709889484947e-18	3.48973205085528e-17	3.48973205085528e-17	1.793211701692933e-16	3.1948271200977074e-17	0.0	0.0	0.0	0.0	0.0	0.0	0.0	0.0	0.0	0.0	0.0	0.0	0.0	0.0	0.0	0.0	0.0	0.0
-0.15789473684210525	-3.7851732738957794e-18	6.283824557936916e-18	-5.96330568825947e-17	-5.96330568825947e-17	-2.929896420802192e-16	-4.0233798450214764e-17	0.0	0.0	0.0	0.0	0.0	0.0	0.0	0.0	0.0	0.0	0.0	0.0	0.0	0.0	0.0	0.0	0.0	0.0
0.0	0.0028129379031012515	-0.002224376336894976	-0.010494464917138572	-0.010494464917138572	0.002732040409616084	-0.017937652925737516	0.0	0.0	0.0	0.0	0.0	0.0	0.0	0.0	0.0	0.0	0.0	0.0	0.0	0.0	0.0	0.0	0.0	0.0
0.0	-0.03469239902911201	0.027433578034337516	0.1191569192894784	0.1191569192894784	-0.02797588084478429	0.18368016780385146	0.0	0.0	0.0	0.0	0.0	0.0	0.0	0.0	0.0	0.0	0.0	0.0	0.0	0.0	0.0	0.0	0.0	0.0
0.0	-8.72362673382218e-5	6.898349535992528e-5	0.001333916680290501	0.001333916680290501	-0.0007902648408732464	0.005188611553999658	0.0	0.0	0.0	0.0	0.0	0.0	0.0	0.0	0.0	0.0	0.0	0.0	0.0	0.0	0.0	0.0	0.0	0.0
0.0	1.7596302903644596e-18	-3.063347487580531e-18	2.7247258381738106e-17	2.7247258381738106e-17	1.117135420141736e-16	1.7213974002852985e-17	0.0	0.0	0.0	0.0	0.0	0.0	0.0	0.0	0.0	0.0	0.0	0.0	0.0	0.0	0.0	0.0	0.0	0.0
0.0	5.0001504708189004e-18	-7.993622185100094e-18	7.468844597902566e-17	7.468844597902566e-17	3.2954283519550094e-16	5.320603073170174e-17	0.0	0.0	0.0	0.0	0.0	0.0	0.0	0.0	0.0	0.0	0.0	0.0	0.0	0.0	0.0	0.0	0.0	0.0
-0.07894736842105271	-8.822455868658207e-19	1.6187983818285457e-18	-1.4953800710004602e-17	-1.4953800710004602e-17	-6.031119834837188e-17	-1.785101898136188e-17	0.0	0.0	0.0	0.0	0.0	0.0	0.0	0.0	0.0	0.0	0.0	0.0	0.0	0.0	0.0	0.0	0.0	0.0
0.0	0.0007217718843679305	-0.0005707528411679844	-0.002896261398910396	-0.002896261398910396	0.0008151567466857669	-0.005352043385104968	0.0	0.0	0.0	0.0	0.0	0.0	0.0	0.0	0.0	0.0	0.0	0.0	0.0	0.0	0.0	0.0	0.0	0.0
0.0	-0.018029731539350263	0.014257303068256306	0.06961302178488527	0.06961302178488527	-0.018804044229920547	0.12346099194190438	0.0	0.0	0.0	0.0	0.0	0.0	0.0	0.0	0.0	0.0	0.0	0.0	0.0	0.0	0.0	0.0	0.0	0.0
0.0	-4.37674022761546e-5	3.460978425552424e-5	0.0006709496666211978	0.0006709496666211978	-0.0004003220128102787	0.0026283788845926754	0.0	0.0	0.0	0.0	0.0	0.0	0.0	0.0	0.0	0.0	0.0	0.0	0.0	0.0	0.0	0.0	0.0	0.0
0.0	4.726884020576326e-18	-7.927661104869101e-18	6.404582080428839e-17	6.404582080428839e-17	3.2776311850734166e-16	4.507144279791471e-17	0.0	0.0	0.0	0.0	0.0	0.0	0.0	0.0	0.0	0.0	0.0	0.0	0.0	0.0	0.0	0.0	0.0	0.0
0.0	8.2114184714174015e-19	-1.4288233231259132e-18	1.433348924441011e-17	1.433348924441011e-17	7.49812879791762e-17	5.937716946834115e-18	0.0	0.0	0.0	0.0	0.0	0.0	0.0	0.0	0.0	0.0	0.0	0.0	0.0	0.0	0.0	0.0	0.0	0.0
0.0	3.622128941631115e-18	-6.464716687209564e-18	6.198624458318135e-17	6.198624458318135e-17	2.905890677336634e-16	4.2729475699809444e-17	0.0	0.0	0.0	0.0	0.0	0.0	0.0	0.0	0.0	0.0	0.0	0.0	0.0	0.0	0.0	0.0	0.0	0.0
0.0	-4.2485748054881304e-18	6.8469890123165406e-18	-3.6067010742166116e-17	-3.6067010742166116e-17	-1.0944987863682176e-16	-4.7727373912485655e-17	0.0	0.0	0.0	0.0	0.0	0.0	0.0	0.0	0.0	0.0	0.0	0.0	0.0	0.0	0.0	0.0	0.0	0.0
0.0	-2.8479541466003575e-18	4.777176505787978e-18	-4.229990100746309e-17	-4.229990100746309e-17	-1.8243861778702962e-16	-2.7056679464967814e-17	0.0	0.0	0.0	0.0	0.0	0.0	0.0	0.0	0.0	0.0	0.0	0.0	0.0	0.0	0.0	0.0	0.0	0.0
0.0	2.112342125917674e-18	-3.477110863902332e-18	3.219274053480104e-17	3.219274053480104e-17	1.8172079091299966e-16	1.2631124619726796e-17	0.0	0.0	0.0	0.0	0.0	0.0	0.0	0.0	0.0	0.0	0.0	0.0	0.0	0.0	0.0	0.0	0.0	0.0
0.0	-4.559889107390824e-18	8.0355621064522e-18	-7.81650152937551e-17	-7.81650152937551e-17	-4.246486003516238e-16	-6.346089421470489e-17	0.0	0.0	0.0	0.0	0.0	0.0	0.0	0.0	0.0	0.0	0.0	0.0	0.0	0.0	0.0	0.0	0.0	0.0
0.0	3.753530728446107e-18	-6.955764580441694e-18	7.956810430454845e-17	7.956810430454845e-17	4.0173714028182644e-16	4.0283401144581555e-17	0.0	0.0	0.0	0.0	0.0	0.0	0.0	0.0	0.0	0.0	0.0	0.0	0.0	0.0	0.0	0.0	0.0	0.0
0.07894736842105263	-3.5084062702688236e-18	5.581203631423044e-18	-3.3173004536352987e-17	-3.3173004536352987e-17	-1.3200175329341251e-16	-3.8939421956673694e-17	0.0	0.0	0.0	0.0	0.0	0.0	0.0	0.0	0.0	0.0	0.0	0.0	0.0	0.0	0.0	0.0	0.0	0.0
0.0	0.0009760544065891971	-0.0010713907093045437	0.0012380286222663298	0.0012380286222663298	-0.005352135248577273	0.0008157596734391583	0.0	0.0	0.0	0.0	0.0	0.0	0.0	0.0	0.0	0.0	0.0	0.0	0.0	0.0	0.0	0.0	0.0	0.0
0.0	0.024381663098466698	-0.026763146751598008	0.029756607426578492	0.029756607426578492	-0.12346311104943766	0.018817952550476472	0.0	0.0	0.0	0.0	0.0	0.0	0.0	0.0	0.0	0.0	0.0	0.0	0.0	0.0	0.0	0.0	0.0	0.0
0.0	-5.918679680021905e-5	6.496787861124268e-5	-0.0002868024590901281	-0.0002868024590901281	0.002628423998591332	-0.0004006181090636793	0.0	0.0	0.0	0.0	0.0	0.0	0.0	0.0	0.0	0.0	0.0	0.0	0.0	0.0	0.0	0.0	0.0	0.0
0.0	-1.027421349862863e-18	1.9072367576206347e-18	-2.0722905318094304e-17	-2.0722905318094304e-17	-9.709931209601054e-17	-1.8116066665743223e-17	0.0	0.0	0.0	0.0	0.0	0.0	0.0	0.0	0.0	0.0	0.0	0.0	0.0	0.0	0.0	0.0	0.0	0.0
0.0	-1.9558774430527467e-18	3.2011154476599533e-18	-2.5390107329814175e-17	-2.5390107329814175e-17	-8.971969933265517e-17	-1.746418114896296e-17	0.0	0.0	0.0	0.0	0.0	0.0	0.0	0.0	0.0	0.0	0.0	0.0	0.0	0.0	0.0	0.0	0.0	0.0
0.15789473684210525	5.367195784826484e-18	-8.722017873139387e-18	6.885616841008505e-17	6.885616841008505e-17	2.878894039017169e-16	6.936353942687571e-17	0.0	0.0	0.0	0.0	0.0	0.0	0.0	0.0	0.0	0.0	0.0	0.0	0.0	0.0	0.0	0.0	0.0	0.0
0.0	0.0038039448408113763	-0.004175495887974162	0.004485937611734116	0.004485937611734116	-0.0179379608109662	0.0027340611501184007	0.0	0.0	0.0	0.0	0.0	0.0	0.0	0.0	0.0	0.0	0.0	0.0	0.0	0.0	0.0	0.0	0.0	0.0
0.0	0.04691464115033701	-0.05149703778754898	0.05093451740126678	0.05093451740126678	-0.18368332052464376	0.027996573070001418	0.0	0.0	0.0	0.0	0.0	0.0	0.0	0.0	0.0	0.0	0.0	0.0	0.0	0.0	0.0	0.0	0.0	0.0
0.0	-0.0001179698807797286	0.00012949261167402156	-0.0005701926734015356	-0.0005701926734015356	0.00518870061232345	-0.0007908493564661188	0.0	0.0	0.0	0.0	0.0	0.0	0.0	0.0	0.0	0.0	0.0	0.0	0.0	0.0	0.0	0.0	0.0	0.0
0.0	-1.892051836186203e-18	3.2217618735058674e-18	-3.108887983214879e-17	-3.108887983214879e-17	-1.6875645504568856e-16	-2.1366972396272303e-17	0.0	0.0	0.0	0.0	0.0	0.0	0.0	0.0	0.0	0.0	0.0	0.0	0.0	0.0	0.0	0.0	0.0	0.0
0.0	-2.0294560906038818e-18	3.751360659870631e-18	-5.447337450904251e-17	-5.447337450904251e-17	-2.786537156532023e-16	-3.078439915878631e-17	0.0	0.0	0.0	0.0	0.0	0.0	0.0	0.0	0.0	0.0	0.0	0.0	0.0	0.0	0.0	0.0	0.0	0.0
0.23684210526315788	4.8469118179472755e-20	-7.883286174707691e-20	5.731774942550696e-19	5.731774942550696e-19	2.63583160907558e-18	3.7605213521825073e-19	0.0	0.0	0.0	0.0	0.0	0.0	0.0	0.0	0.0	0.0	0.0	0.0	0.0	0.0	0.0	0.0	0.0	0.0
0.0	0.008337789784812626	-0.009152185012717534	0.009069759201693546	0.009069759201693546	-0.032877396791904996	0.005011094306260004	0.0	0.0	0.0	0.0	0.0	0.0	0.0	0.0	0.0	0.0	0.0	0.0	0.0	0.0	0.0	0.0	0.0	0.0
0.0	0.06760132785298285	-0.07420430061007804	0.06364721594069335	0.06364721594069335	-0.18437842433234397	0.02810251913240923	0.0	0.0	0.0	0.0	0.0	0.0	0.0	0.0	0.0	0.0	0.0	0.0	0.0	0.0	0.0	0.0	0.0	0.0
0.0	-0.0001762624306679837	0.00019347889763342684	-0.0008450436973534608	-0.0008450436973534608	0.007522813517543343	-0.0011466092715065512	0.0	0.0	0.0	0.0	0.0	0.0	0.0	0.0	0.0	0.0	0.0	0.0	0.0	0.0	0.0	0.0	0.0	0.0
0.0	8.015250829906517e-19	-1.2547366303269639e-18	8.493004800369545e-18	8.493004800369545e-18	4.038131641593698e-17	7.914790532378452e-18	0.0	0.0	0.0	0.0	0.0	0.0	0.0	0.0	0.0	0.0	0.0	0.0	0.0	0.0	0.0	0.0	0.0	0.0
0.0	4.436942135641671e-18	-7.580093521347836e-18	5.854776774531016e-17	5.854776774531016e-17	2.4387918431951367e-16	-2.1975110015974545e-17	0.0	0.0	0.0	0.0	0.0	0.0	0.0	0.0	0.0	0.0	0.0	0.0	0.0	0.0	0.0	0.0	0.0	0.0
0.3157894736842105	-5.097972568014308e-19	9.183036705458519e-19	-1.112245782422097e-17	-1.112245782422097e-17	-6.351840891547913e-17	-6.4636363382976615e-18	0.0	0.0	0.0	0.0	0.0	0.0	0.0	0.0	0.0	0.0	0.0	0.0	0.0	0.0	0.0	0.0	0.0	0.0
0.0	0.014432082978390482	-0.01584173947125839	0.014332205425760334	0.014332205425760334	-0.04580236867041964	0.006981087654542547	0.0	0.0	0.0	0.0	0.0	0.0	0.0	0.0	0.0	0.0	0.0	0.0	0.0	0.0	0.0	0.0	0.0	0.0
0.0	0.08644924495126023	-0.09489319165192307	0.06821507867806532	0.06821507867806532	-0.13493234200079113	0.02056606534296115	0.0	0.0	0.0	0.0	0.0	0.0	0.0	0.0	0.0	0.0	0.0	0.0	0.0	0.0	0.0	0.0	0.0	0.0
0.0	-0.0002339134431375862	0.00025676098388287527	-0.001104346432332385	-0.001104346432332385	0.00945182412878325	-0.0014406244623012506	0.0	0.0	0.0	0.0	0.0	0.0	0.0	0.0	0.0	0.0	0.0	0.0	0.0	0.0	0.0	0.0	0.0	0.0
0.0	-3.401279223253792e-18	5.9642632419290375e-18	-4.951310361536351e-17	-4.951310361536351e-17	-1.9132750486199475e-16	-3.3305783936548977e-17	0.0	0.0	0.0	0.0	0.0	0.0	0.0	0.0	0.0	0.0	0.0	0.0	0.0	0.0	0.0	0.0	0.0	0.0
0.0	4.409158787485653e-18	-7.230347930378214e-18	6.632413615051222e-17	6.632413615051222e-17	3.4368654874520935e-16	1.073167343120202e-17	0.0	0.0	0.0	0.0	0.0	0.0	0.0	0.0	0.0	0.0	0.0	0.0	0.0	0.0	0.0	0.0	0.0	0.0
0.39473684210526316	4.770414064516814e-20	-9.233225881395939e-20	9.416362786312567e-19	9.416362786312567e-19	4.309439033543671e-18	1.2225475994559234e-18	0.0	0.0	0.0	0.0	0.0	0.0	0.0	0.0	0.0	0.0	0.0	0.0	0.0	0.0	0.0	0.0	0.0	0.0
0.0	0.02194218409484701	-0.024085391165047328	0.019651025850370492	0.019651025850370492	-0.053309414326825344	0.008125293626310244	0.0	0.0	0.0	0.0	0.0	0.0	0.0	0.0	0.0	0.0	0.0	0.0	0.0	0.0	0.0	0.0	0.0	0.0
0.0	0.10347316108634265	-0.11357992208413716	0.06521016149572649	0.06521016149572649	-0.050230947609186685	0.007656081080653474	0.0	0.0	0.0	0.0	0.0	0.0	0.0	0.0	0.0	0.0	0.0	0.0	0.0	0.0	0.0	0.0	0.0	0.0
0.0	-0.00029071780496700675	0.0003191137227273119	-0.0013403060745887927	-0.0013403060745887927	0.010826962307963366	-0.001650219739674082	0.0	0.0	0.0	0.0	0.0	0.0	0.0	0.0	0.0	0.0	0.0	0.0	0.0	0.0	0.0	0.0	0.0	0.0
0.0	1.1278197707960845e-18	-2.1597034051056576e-18	1.916020266608266e-17	1.916020266608266e-17	6.929637920067823e-17	1.1990662621174051e-17	0.0	0.0	0.0	0.0	0.0	0.0	0.0	0.0	0.0	0.0	0.0	0.0	0.0	0.0	0.0	0.0	0.0	0.0
0.0	-3.0680303212681894e-18	5.86469937213003e-18	-6.967819373200504e-17	-6.967819373200504e-17	-3.1380996308205547e-16	-7.637736278072533e-17	0.0	0.0	0.0	0.0	0.0	0.0	0.0	0.0	0.0	0.0	0.0	0.0	0.0	0.0	0.0	0.0	0.0	0.0
0.47368421052631576	-2.5126155439829553e-18	4.403929840264702e-18	-3.345235169207589e-17	-3.345235169207589e-17	-1.1938910468613006e-16	-2.054925895276372e-17	0.0	0.0	0.0	0.0	0.0	0.0	0.0	0.0	0.0	0.0	0.0	0.0	0.0	0.0	0.0	0.0	0.0	0.0
0.0	0.030724965974517716	-0.03372603296145067	0.024459560987797276	0.024459560987797276	-0.05333870569386786	0.008129758146517799	0.0	0.0	0.0	0.0	0.0	0.0	0.0	0.0	0.0	0.0	0.0	0.0	0.0	0.0	0.0	0.0	0.0	0.0
0.0	0.118696942392439	-0.13029068917019843	0.055467750349362466	0.055467750349362466	0.05095567582908112	-0.0077665424254367696	0.0	0.0	0.0	0.0	0.0	0.0	0.0	0.0	0.0	0.0	0.0	0.0	0.0	0.0	0.0	0.0	0.0	0.0
0.0	-0.0003464252879627961	0.0003802624448861548	-0.0015452955675296608	-0.0015452955675296608	0.011566255771253104	-0.0017629010838778525	0.0	0.0	0.0	0.0	0.0	0.0	0.0	0.0	0.0	0.0	0.0	0.0	0.0	0.0	0.0	0.0	0.0	0.0
0.0	2.4688543620708168e-18	-3.995105470615205e-18	3.307822016618034e-17	3.307822016618034e-17	1.8582220490715418e-16	2.3579412992267817e-17	0.0	0.0	0.0	0.0	0.0	0.0	0.0	0.0	0.0	0.0	0.0	0.0	0.0	0.0	0.0	0.0	0.0	0.0
0.0	-2.758473369933982e-18	5.494477013410369e-18	-6.46677182383955e-17	-6.46677182383955e-17	-2.96875379740153e-16	-5.808737647042422e-17	0.0	0.0	0.0	0.0	0.0	0.0	0.0	0.0	0.0	0.0	0.0	0.0	0.0	0.0	0.0	0.0	0.0	0.0
0.5526315789473684	-3.1553344283593024e-18	5.665396181178494e-18	-4.438175354450156e-17	-4.438175354450156e-17	-1.353949587416766e-16	-6.495829584961398e-17	0.0	0.0	0.0	0.0	0.0	0.0	0.0	0.0	0.0	0.0	0.0	0.0	0.0	0.0	0.0	0.0	0.0	0.0
0.0	0.04063959767628942	-0.04460907822997663	0.028267006318984655	0.028267006318984655	-0.045383528560693324	0.0069172490452059	0.0	0.0	0.0	0.0	0.0	0.0	0.0	0.0	0.0	0.0	0.0	0.0	0.0	0.0	0.0	0.0	0.0	0.0
0.0	0.13215514568345324	-0.14506342506748449	0.040068303638474474	0.040068303638474474	0.1485508194514233	-0.02264176115458692	0.0	0.0	0.0	0.0	0.0	0.0	0.0	0.0	0.0	0.0	0.0	0.0	0.0	0.0	0.0	0.0	0.0	0.0
0.0	-0.00040074845441032364	0.00043989163711046154	-0.0017126552558630807	-0.0017126552558630807	0.011674066392871758	-0.0017793333213641021	0.0	0.0	0.0	0.0	0.0	0.0	0.0	0.0	0.0	0.0	0.0	0.0	0.0	0.0	0.0	0.0	0.0	0.0
0.0	-5.010204217065719e-18	8.347660335103453e-18	-7.345044170003355e-17	-7.345044170003355e-17	-3.2851712333157337e-16	-5.3891276006063714e-17	0.0	0.0	0.0	0.0	0.0	0.0	0.0	0.0	0.0	0.0	0.0	0.0	0.0	0.0	0.0	0.0	0.0	0.0
0.0	-4.58330781584873e-19	8.321290980712887e-19	-7.765205601529648e-18	-7.765205601529648e-18	-3.5974777216125024e-17	-8.511145380565229e-18	0.0	0.0	0.0	0.0	0.0	0.0	0.0	0.0	0.0	0.0	0.0	0.0	0.0	0.0	0.0	0.0	0.0	0.0
0.631578947368421	-2.810671070286361e-18	4.954611032127481e-18	-5.4799847083393904e-17	-5.4799847083393904e-17	-2.7800432608925657e-16	-7.350945349969585e-17	0.0	0.0	0.0	0.0	0.0	0.0	0.0	0.0	0.0	0.0	0.0	0.0	0.0	0.0	0.0	0.0	0.0	0.0
0.0	0.051548443449828216	-0.05658344762178934	0.030676219394969208	0.030676219394969208	-0.03047704288563724	0.004645238095991163	0.0	0.0	0.0	0.0	0.0	0.0	0.0	0.0	0.0	0.0	0.0	0.0	0.0	0.0	0.0	0.0	0.0	0.0
0.0	0.1438943650790217	-0.1579492749852681	0.020294218431989707	0.020294218431989707	0.2241295714072394	-0.034161294042077246	0.0	0.0	0.0	0.0	0.0	0.0	0.0	0.0	0.0	0.0	0.0	0.0	0.0	0.0	0.0	0.0	0.0	0.0
0.0	-0.0004533693754998313	0.0004976523168325735	-0.0018373255726108588	-0.0018373255726108588	0.011242749593979669	-0.0017135930448777138	0.0	0.0	0.0	0.0	0.0	0.0	0.0	0.0	0.0	0.0	0.0	0.0	0.0	0.0	0.0	0.0	0.0	0.0
0.0	4.2183555837211245e-18	-7.309062151085168e-18	6.08278751191297e-17	6.08278751191297e-17	2.934725345591066e-16	4.259676207843057e-17	0.0	0.0	0.0	0.0	0.0	0.0	0.0	0.0	0.0	0.0	0.0	0.0	0.0	0.0	0.0	0.0	0.0	0.0
0.0	-1.3305145815620094e-18	2.312944481009538e-18	-1.421854337777187e-17	-1.421854337777187e-17	-4.630733233694019e-17	-1.3425847673690928e-17	0.0	0.0	0.0	0.0	0.0	0.0	0.0	0.0	0.0	0.0	0.0	0.0	0.0	0.0	0.0	0.0	0.0	0.0
0.7105263157894737	-1.5352957007787607e-18	2.576570224768166e-18	-1.7266350380164438e-17	-1.7266350380164438e-17	-6.67650593560757e-17	-1.0568610835940632e-17	0.0	0.0	0.0	0.0	0.0	0.0	0.0	0.0	0.0	0.0	0.0	0.0	0.0	0.0	0.0	0.0	0.0	0.0
0.0	0.06331805862525888	-0.06950266223310496	0.0313972836984721	0.0313972836984721	-0.010949775948910723	0.0016689387015167488	0.0	0.0	0.0	0.0	0.0	0.0	0.0	0.0	0.0	0.0	0.0	0.0	0.0	0.0	0.0	0.0	0.0	0.0
0.0	0.15397434389213052	-0.16901381767617235	-0.002433388159931169	-0.002433388159931169	0.26367066971935965	-0.040188053820773034	0.0	0.0	0.0	0.0	0.0	0.0	0.0	0.0	0.0	0.0	0.0	0.0	0.0	0.0	0.0	0.0	0.0	0.0
0.0	-0.000503945022694574	0.0005531679501371462	-0.0019163062736202094	-0.0019163062736202094	0.010438061803840413	-0.001590944453532639	0.0	0.0	0.0	0.0	0.0	0.0	0.0	0.0	0.0	0.0	0.0	0.0	0.0	0.0	0.0	0.0	0.0	0.0
0.0	-2.1303832238266497e-18	3.6479791478585125e-18	-3.216379238706263e-17	-3.216379238706263e-17	-1.3345811627725928e-16	-3.1564473374008256e-17	0.0	0.0	0.0	0.0	0.0	0.0	0.0	0.0	0.0	0.0	0.0	0.0	0.0	0.0	0.0	0.0	0.0	0.0
0.0	-1.9405639279544195e-18	3.431668499930978e-18	-3.0652935733395064e-17	-3.0652935733395064e-17	-1.4682601392181365e-16	-1.5134248910135283e-17	0.0	0.0	0.0	0.0	0.0	0.0	0.0	0.0	0.0	0.0	0.0	0.0	0.0	0.0	0.0	0.0	0.0	0.0
0.7894736842105263	-2.880046983305775e-18	4.741997429881022e-18	-3.709857664665344e-17	-3.709857664665344e-17	-1.8074809691503735e-16	-2.3280614944086753e-17	0.0	0.0	0.0	0.0	0.0	0.0	0.0	0.0	0.0	0.0	0.0	0.0	0.0	0.0	0.0	0.0	0.0	0.0
0.0	0.07582026439040171	-0.0832260233615029	0.030255475700934637	0.030255475700934637	0.010004847297460425	-0.0015249149330757391	0.0	0.0	0.0	0.0	0.0	0.0	0.0	0.0	0.0	0.0	0.0	0.0	0.0	0.0	0.0	0.0	0.0	0.0
0.0	0.16246886463590815	-0.17833804237454862	-0.02663215763642859	-0.02663215763642859	0.2595920670100064	-0.039566402935648844	0.0	0.0	0.0	0.0	0.0	0.0	0.0	0.0	0.0	0.0	0.0	0.0	0.0	0.0	0.0	0.0	0.0	0.0
0.0	-0.0005521111289795589	0.000606038690158131	-0.0019489441026991042	-0.0019489441026991042	0.009472086617945732	-0.0014437128224884237	0.0	0.0	0.0	0.0	0.0	0.0	0.0	0.0	0.0	0.0	0.0	0.0	0.0	0.0	0.0	0.0	0.0	0.0
0.0	9.673122910827603e-19	-1.8917503101614903e-18	2.803525095882233e-17	2.803525095882233e-17	1.3323608406304866e-16	1.2444727084317623e-17	0.0	0.0	0.0	0.0	0.0	0.0	0.0	0.0	0.0	0.0	0.0	0.0	0.0	0.0	0.0	0.0	0.0	0.0
0.0	-4.769728784358373e-18	7.964316960103583e-18	-6.152606715065908e-17	-6.152606715065908e-17	-3.0559104918419487e-16	-7.410071168889247e-17	0.0	0.0	0.0	0.0	0.0	0.0	0.0	0.0	0.0	0.0	0.0	0.0	0.0	0.0	0.0	0.0	0.0	0.0
0.868421052631579	2.7091869256468025e-18	-4.475331444986318e-18	3.189445264200597e-17	3.189445264200597e-17	1.1229075956097557e-16	4.450208386037574e-17	0.0	0.0	0.0	0.0	0.0	0.0	0.0	0.0	0.0	0.0	0.0	0.0	0.0	0.0	0.0	0.0	0.0	0.0
0.0	0.088933284481824	-0.0976198602234952	0.027192745390644386	0.027192745390644386	0.028884960791909265	-0.004402576745301714	0.0	0.0	0.0	0.0	0.0	0.0	0.0	0.0	0.0	0.0	0.0	0.0	0.0	0.0	0.0	0.0	0.0	0.0
0.0	0.16946643107074058	-0.1860190974626757	-0.050844256975018834	-0.050844256975018834	0.2117116409209405	-0.03226858273179623	0.0	0.0	0.0	0.0	0.0	0.0	0.0	0.0	0.0	0.0	0.0	0.0	0.0	0.0	0.0	0.0	0.0	0.0
0.0	-0.0005974842199252845	0.0006558436065270474	-0.0019370600538727014	-0.0019370600538727014	0.00856893307746735	-0.0013060563166177963	0.0	0.0	0.0	0.0	0.0	0.0	0.0	0.0	0.0	0.0	0.0	0.0	0.0	0.0	0.0	0.0	0.0	0.0
0.0	-1.1167850617903235e-18	2.242352639338818e-18	-3.2265744240121863e-17	-3.2265744240121863e-17	-1.771144603261534e-16	-3.2272280407221434e-18	0.0	0.0	0.0	0.0	0.0	0.0	0.0	0.0	0.0	0.0	0.0	0.0	0.0	0.0	0.0	0.0	0.0	0.0
0.0	6.682497244382728e-19	-1.1857052132189633e-18	1.022683927779368e-17	1.022683927779368e-17	4.813123488283944e-17	3.6760566231223714e-18	0.0	0.0	0.0	0.0	0.0	0.0	0.0	0.0	0.0	0.0	0.0	0.0	0.0	0.0	0.0	0.0	0.0	0.0
0.9473684210526315	-5.84198650812215e-19	1.1273385136119943e-18	-1.6196325286300508e-17	-1.6196325286300508e-17	-8.752933566905527e-17	-6.927583960653251e-18	0.0	0.0	0.0	0.0	0.0	0.0	0.0	0.0	0.0	0.0	0.0	0.0	0.0	0.0	0.0	0.0	0.0	0.0
0.0	0.10254292795567595	-0.1125588282527325	0.022262291372136013	0.022262291372136013	0.04246207662891198	-0.006471968318382397	0.0	0.0	0.0	0.0	0.0	0.0	0.0	0.0	0.0	0.0	0.0	0.0	0.0	0.0	0.0	0.0	0.0	0.0
0.0	0.17507075727356475	-0.19217082730999055	-0.07372453414447973	-0.07372453414447973	0.12697312690607526	-0.019352940785132913	0.0	0.0	0.0	0.0	0.0	0.0	0.0	0.0	0.0	0.0	0.0	0.0	0.0	0.0	0.0	0.0	0.0	0.0
0.0	-0.0006396613605326969	0.0007021404074909751	-0.0018849370537947906	-0.0018849370537947906	0.007929041510897235	-0.0012085255721288966	0.0	0.0	0.0	0.0	0.0	0.0	0.0	0.0	0.0	0.0	0.0	0.0	0.0	0.0	0.0	0.0	0.0	0.0
0.0	2.002739724726643e-18	-4.4259976507672894e-18	6.264171560714204e-17	6.264171560714204e-17	3.41238279551285e-16	4.8746573194233457e-17	0.0	0.0	0.0	0.0	0.0	0.0	0.0	0.0	0.0	0.0	0.0	0.0	0.0	0.0	0.0	0.0	0.0	0.0
0.0	-6.597543284799015e-19	1.1470206724150187e-18	-9.876430010880506e-18	-9.876430010880506e-18	-4.294796957535718e-17	-5.7216124872626325e-18	0.0	0.0	0.0	0.0	0.0	0.0	0.0	0.0	0.0	0.0	0.0	0.0	0.0	0.0	0.0	0.0	0.0	0.0
1.0263157894736843	1.4828489200252603e-18	-2.4751799668788848e-18	2.271606477292225e-17	2.271606477292225e-17	1.08043859549594e-16	1.5716118434761807e-17	0.0	0.0	0.0	0.0	0.0	0.0	0.0	0.0	0.0	0.0	0.0	0.0	0.0	0.0	0.0	0.0	0.0	0.0
0.0	0.11654380342587464	-0.1279272419391369	0.015616263824198172	0.015616263824198172	0.04829346010420611	-0.0073607738620598195	0.0	0.0	0.0	0.0	0.0	0.0	0.0	0.0	0.0	0.0	0.0	0.0	0.0	0.0	0.0	0.0	0.0	0.0
0.0	0.17940107974147698	-0.19692411486147732	-0.09412556052023939	-0.09412556052023939	0.01798972934619633	-0.0027419515864924205	0.0	0.0	0.0	0.0	0.0	0.0	0.0	0.0	0.0	0.0	0.0	0.0	0.0	0.0	0.0	0.0	0.0	0.0
0.0	-0.0006782169121059516	0.0007444618800122158	-0.0017991987249197238	-0.0017991987249197238	0.007697552036159915	-0.0011732424991934204	0.0	0.0	0.0	0.0	0.0	0.0	0.0	0.0	0.0	0.0	0.0	0.0	0.0	0.0	0.0	0.0	0.0	0.0
0.0	-8.016356793029148e-19	1.2561523029291383e-18	-9.83039699168711e-18	-9.83039699168711e-18	-4.246020923302764e-17	-1.0514179247165639e-17	0.0	0.0	0.0	0.0	0.0	0.0	0.0	0.0	0.0	0.0	0.0	0.0	0.0	0.0	0.0	0.0	0.0	0.0
0.0	-2.0343864110406666e-18	4.419557959868165e-18	-6.374112047685382e-17	-6.374112047685382e-17	-3.053414855979309e-16	-6.96650285953369e-17	0.0	0.0	0.0	0.0	0.0	0.0	0.0	0.0	0.0	0.0	0.0	0.0	0.0	0.0	0.0	0.0	0.0	0.0
1.1052631578947367	-2.5972530259974456e-18	4.387843265810868e-18	-4.013783833316565e-17	-4.013783833316565e-17	-1.986426828357937e-16	-3.482985397385352e-17	0.0	0.0	0.0	0.0	0.0	0.0	0.0	0.0	0.0	0.0	0.0	0.0	0.0	0.0	0.0	0.0	0.0	0.0
0.0	0.1308405514566556	-0.1436204275956344	0.007487036993455203	0.007487036993455203	0.045080213697340346	-0.006871018518096541	0.0	0.0	0.0	0.0	0.0	0.0	0.0	0.0	0.0	0.0	0.0	0.0	0.0	0.0	0.0	0.0	0.0	0.0
0.0	0.18259230951736516	-0.20042704862219968	-0.11117476457738484	-0.11117476457738484	-0.09935122797881915	0.015142876913295062	0.0	0.0	0.0	0.0	0.0	0.0	0.0	0.0	0.0	0.0	0.0	0.0	0.0	0.0	0.0	0.0	0.0	0.0
0.0	-0.0007126951686991904	0.0007823078069786368	-0.0016886202787222227	-0.0016886202787222227	0.007940946717520946	-0.0012103401352864022	0.0	0.0	0.0	0.0	0.0	0.0	0.0	0.0	0.0	0.0	0.0	0.0	0.0	0.0	0.0	0.0	0.0	0.0
0.0	-4.318349258420782e-18	6.997699394838939e-18	-5.644813646357244e-17	-5.644813646357244e-17	-2.49271900473084e-16	-7.208403948122194e-17	0.0	0.0	0.0	0.0	0.0	0.0	0.0	0.0	0.0	0.0	0.0	0.0	0.0	0.0	0.0	0.0	0.0	0.0
0.0	6.824233134271207e-19	-1.4802062173345835e-18	2.2332200894289277e-17	2.2332200894289277e-17	1.1752616336654979e-16	6.731209290835838e-18	0.0	0.0	0.0	0.0	0.0	0.0	0.0	0.0	0.0	0.0	0.0	0.0	0.0	0.0	0.0	0.0	0.0	0.0
1.1842105263157894	2.1411741710669646e-18	-3.477716812539973e-18	2.4799788967265844e-17	2.4799788967265844e-17	1.2058510199610272e-16	2.6636979595871656e-17	0.0	0.0	0.0	0.0	0.0	0.0	0.0	0.0	0.0	0.0	0.0	0.0	0.0	0.0	0.0	0.0	0.0	0.0
0.0	0.1453490831674559	-0.15954608294400904	-0.0018371654673398586	-0.0018371654673398586	0.03281136888165041	-0.005001030489854194	0.0	0.0	0.0	0.0	0.0	0.0	0.0	0.0	0.0	0.0	0.0	0.0	0.0	0.0	0.0	0.0	0.0	0.0
0.0	0.18479504222530427	-0.2028449336729057	-0.12433983821837409	-0.12433983821837409	-0.20884043059241897	0.03183095971029504	0.0	0.0	0.0	0.0	0.0	0.0	0.0	0.0	0.0	0.0	0.0	0.0	0.0	0.0	0.0	0.0	0.0	0.0
0.0	-0.0007425970002039262	0.0008151303056519669	-0.0015639248790182214	-0.0015639248790182214	0.008634282187785183	-0.0013160166719429858	0.0	0.0	0.0	0.0	0.0	0.0	0.0	0.0	0.0	0.0	0.0	0.0	0.0	0.0	0.0	0.0	0.0	0.0
0.0	-4.029774264700622e-18	7.292205370985893e-18	-6.26112049257553e-17	-6.26112049257553e-17	-2.9088362103378283e-16	-1.94626666960953e-17	0.0	0.0	0.0	0.0	0.0	0.0	0.0	0.0	0.0	0.0	0.0	0.0	0.0	0.0	0.0	0.0	0.0	0.0
0.0	4.363052891333891e-18	-7.425922662490608e-18	7.514041482123095e-17	7.514041482123095e-17	3.6812834260066386e-16	2.430717697095734e-17	0.0	0.0	0.0	0.0	0.0	0.0	0.0	0.0	0.0	0.0	0.0	0.0	0.0	0.0	0.0	0.0	0.0	0.0
1.263157894736842	1.6915638381457528e-18	-2.97957339568123e-18	2.800182423758932e-17	2.800182423758932e-17	1.4785081993135508e-16	3.8590900033135184e-17	0.0	0.0	0.0	0.0	0.0	0.0	0.0	0.0	0.0	0.0	0.0	0.0	0.0	0.0	0.0	0.0	0.0	0.0
0.0	0.1599978145413842	-0.17562563198469117	-0.012041253473161309	-0.012041253473161309	0.012667590056740004	-0.0019307638256390062	0.0	0.0	0.0	0.0	0.0	0.0	0.0	0.0	0.0	0.0	0.0	0.0	0.0	0.0	0.0	0.0	0.0	0.0
0.0	0.18617544471020356	-0.20436016723718067	-0.13347979195660847	-0.13347979195660847	-0.29700775688011993	0.045269213035340435	0.0	0.0	0.0	0.0	0.0	0.0	0.0	0.0	0.0	0.0	0.0	0.0	0.0	0.0	0.0	0.0	0.0	0.0
0.0	-0.0007673572763648249	0.0008423090465700165	-0.0014376362506750829	-0.0014376362506750829	0.009659043125403862	-0.0014722082868751291	0.0	0.0	0.0	0.0	0.0	0.0	0.0	0.0	0.0	0.0	0.0	0.0	0.0	0.0	0.0	0.0	0.0	0.0
0.0	2.4591510403156048e-18	-4.109515974097663e-18	2.8769363455251e-17	2.8769363455251e-17	1.4582378074270843e-16	2.0219206056943682e-17	0.0	0.0	0.0	0.0	0.0	0.0	0.0	0.0	0.0	0.0	0.0	0.0	0.0	0.0	0.0	0.0	0.0	0.0
0.0	3.1555857898908444e-18	-5.033890626115909e-18	3.7103140966703245e-17	3.7103140966703245e-17	1.8535286000690014e-16	1.1895355103082631e-17	0.0	0.0	0.0	0.0	0.0	0.0	0.0	0.0	0.0	0.0	0.0	0.0	0.0	0.0	0.0	0.0	0.0	0.0
1.3421052631578947	1.6296006324623848e-18	-2.9367451396480743e-18	3.0825101826551e-17	3.0825101826551e-17	1.6373960425196863e-16	2.6468461913069652e-17	0.0	0.0	0.0	0.0	0.0	0.0	0.0	0.0	0.0	0.0	0.0	0.0	0.0	0.0	0.0	0.0	0.0	0.0
0.0	0.17472888741100262	-0.19179556524256147	-0.02281566819022085	-0.02281566819022085	-0.013306662720263998	0.0020281697549069306	0.0	0.0	0.0	0.0	0.0	0.0	0.0	0.0	0.0	0.0	0.0	0.0	0.0	0.0	0.0	0.0	0.0	0.0
0.0	0.18691503767530807	-0.20517200008802475	-0.1388803845345663	-0.1388803845345663	-0.3558614350527532	0.054239550117049375	0.0	0.0	0.0	0.0	0.0	0.0	0.0	0.0	0.0	0.0	0.0	0.0	0.0	0.0	0.0	0.0	0.0	0.0
0.0	-0.0007863072576240746	0.0008631099709094704	-0.0013240881676719182	-0.0013240881676719182	0.010809170593646868	-0.001647507969025199	0.0	0.0	0.0	0.0	0.0	0.0	0.0	0.0	0.0	0.0	0.0	0.0	0.0	0.0	0.0	0.0	0.0	0.0
0.0	-1.4825628769547903e-20	2.775041326124253e-20	-2.9756382576194407e-19	-2.9756382576194407e-19	-1.3512190897352885e-18	-2.105979450336453e-19	0.0	0.0	0.0	0.0	0.0	0.0	0.0	0.0	0.0	0.0	0.0	0.0	0.0	0.0	0.0	0.0	0.0	0.0
0.0	1.9496989404264946e-18	-4.200586088087026e-18	5.203518143160657e-17	5.203518143160657e-17	2.774741217208177e-16	4.5603454285305305e-17	0.0	0.0	0.0	0.0	0.0	0.0	0.0	0.0	0.0	0.0	0.0	0.0	0.0	0.0	0.0	0.0	0.0	0.0
1.4210526315789473	2.6898309037832945e-18	-5.4159421719722614e-18	5.614022314195331e-17	5.614022314195331e-17	2.32508208402948e-16	6.615116470759119e-17	0.0	0.0	0.0	0.0	0.0	0.0	0.0	0.0	0.0	0.0	0.0	0.0	0.0	0.0	0.0	0.0	0.0	0.0
0.0	0.18949936960586078	-0.20800875713912736	-0.033890956203810885	-0.033890956203810885	-0.04272289706302142	0.0065117219460912295	0.0	0.0	0.0	0.0	0.0	0.0	0.0	0.0	0.0	0.0	0.0	0.0	0.0	0.0	0.0	0.0	0.0	0.0
0.0	0.18721039429114628	-0.2054962057183714	-0.14127408809615463	-0.14127408809615463	-0.3849689805062234	0.05867605268487702	0.0	0.0	0.0	0.0	0.0	0.0	0.0	0.0	0.0	0.0	0.0	0.0	0.0	0.0	0.0	0.0	0.0	0.0
0.0	-0.000798610886709898	0.0008766153593430413	-0.001239750508506406	-0.001239750508506406	0.011800144137843553	-0.001798549790139632	0.0	0.0	0.0	0.0	0.0	0.0	0.0	0.0	0.0	0.0	0.0	0.0	0.0	0.0	0.0	0.0	0.0	0.0
0.0	-5.562904577431357e-18	9.177443338537612e-18	-5.2723569563089555e-17	-5.2723569563089555e-17	-1.6369817015449595e-16	-6.626471999284585e-17	0.0	0.0	0.0	0.0	0.0	0.0	0.0	0.0	0.0	0.0	0.0	0.0	0.0	0.0	0.0	0.0	0.0	0.0
0.0	-2.1216234549934e-19	4.1914737101544338e-19	-4.5280885442514884e-18	-4.5280885442514884e-18	-2.2795197631105876e-17	-1.863953641558982e-18	0.0	0.0	0.0	0.0	0.0	0.0	0.0	0.0	0.0	0.0	0.0	0.0	0.0	0.0	0.0	0.0	0.0	0.0
1.5	3.0269877938089986e-18	-4.7184258385871564e-18	3.678346962965046e-17	3.678346962965046e-17	1.8576476071321974e-16	2.5345411129506028e-17	0.0	0.0	0.0	0.0	0.0	0.0	0.0	0.0	0.0	0.0	0.0	0.0	0.0	0.0	0.0	0.0	0.0	0.0
0.0	0.20428242824755277	-0.22423575388940103	-0.04507335112091978	-0.04507335112091978	-0.07350001068408346	0.011202696107030157	0.0	0.0	0.0	0.0	0.0	0.0	0.0	0.0	0.0	0.0	0.0	0.0	0.0	0.0	0.0	0.0	0.0	0.0
0.0	0.18727277526686537	-0.20556467976794446	-0.1418462005078843	-0.1418462005078843	-0.39270203185364094	0.059854705904366375	0.0	0.0	0.0	0.0	0.0	0.0	0.0	0.0	0.0	0.0	0.0	0.0	0.0	0.0	0.0	0.0	0.0	0.0
0.0	-0.0008031524625780004	0.0008816005345113945	-0.0012041609402099784	-0.0012041609402099784	0.012272565332309273	-0.0018705551004354706	0.0	0.0	0.0	0.0	0.0	0.0	0.0	0.0	0.0	0.0	0.0	0.0	0.0	0.0	0.0	0.0	0.0	0.0
0.0	-3.457227419207893e-18	5.7583597490065246e-18	-4.3615385895719504e-17	-4.3615385895719504e-17	-1.98859061277934e-16	-2.1712156802211052e-17	0.0	0.0	0.0	0.0	0.0	0.0	0.0	0.0	0.0	0.0	0.0	0.0	0.0	0.0	0.0	0.0	0.0	0.0
-25.0	0.0	0.0	0.0	0.0	0.0	0.0	1.7414415295551437e-18	-3.1771277094005746e-18	3.4572460898859005e-17	3.4572460898859005e-17	1.5924587184788703e-16	4.1247789901876867e-17	0.0	0.0	0.0	0.0	0.0	0.0	0.0	0.0	0.0	0.0	0.0	0.0
0.0	0.0	0.0	0.0	0.0	0.0	0.0	3.715914506046151e-21	-6.639337548485256e-21	5.831549077800316e-20	5.831549077800316e-20	2.8657172207602306e-19	4.0633015852238096e-20	0.0	0.0	0.0	0.0	0.0	0.0	0.0	0.0	0.0	0.0	0.0	0.0
0.0	0.0	0.0	0.0	0.0	0.0	0.0	0.15106259669927713	-0.11945520202107718	0.10544522527302314	0.10544522527302314	0.011194416210774907	-0.07349874913725787	0.0	0.0	0.0	0.0	0.0	0.0	0.0	0.0	0.0	0.0	0.0	0.0
-0.0	0.0	0.0	0.0	0.0	0.0	0.0	-0.1384843129462588	0.10950871983668792	-0.33183697672364487	-0.33183697672364487	-0.059810467379873604	0.39269529155661465	0.0	0.0	0.0	0.0	0.0	0.0	0.0	0.0	0.0	0.0	0.0	0.0
0.0	0.0	0.0	0.0	0.0	0.0	0.0	-0.0005939145015276475	0.0004696475389240016	0.002817030871942003	0.002817030871942003	-0.0018691725758341515	0.012272354686980798	0.0	0.0	0.0	0.0	0.0	0.0	0.0	0.0	0.0	0.0	0.0	0.0
-0.0	0.0	0.0	0.0	0.0	0.0	0.0	-1.6731702705138858e-18	2.7564936247294964e-18	-2.160518900647213e-17	-2.160518900647213e-17	-1.0821974194739848e-16	-6.066725798762643e-18	0.0	0.0	0.0	0.0	0.0	0.0	0.0	0.0	0.0	0.0	0.0	0.0
-25.0	0.0	0.0	0.0	0.0	0.0	0.0	3.3622601131136282e-18	-6.345478441880104e-18	5.899415224686638e-17	5.899415224686638e-17	2.318988641130598e-16	2.8538385920122286e-17	0.0	0.0	0.0	0.0	0.0	0.0	0.0	0.0	0.0	0.0	0.0	0.0
0.0	0.0	0.0	0.0	0.0	0.0	0.0	-1.3181131766431744e-18	2.1926560801449883e-18	-1.6213643324653644e-17	-1.6213643324653644e-17	-7.135932669825454e-17	-8.488870504619821e-18	0.0	0.0	0.0	0.0	0.0	0.0	0.0	0.0	0.0	0.0	0.0	0.0
0.0	0.0	0.0	0.0	0.0	0.0	0.0	0.14013083303890703	-0.11081073234407543	0.07928497488537237	0.07928497488537237	0.006506909141891819	-0.04272216377138854	0.0	0.0	0.0	0.0	0.0	0.0	0.0	0.0	0.0	0.0	0.0	0.0
-0.0	0.0	0.0	0.0	0.0	0.0	0.0	-0.1384381835152678	0.10947224223986018	-0.33049856898078966	-0.33049856898078966	-0.058632685301244235	0.3849623729384676	0.0	0.0	0.0	0.0	0.0	0.0	0.0	0.0	0.0	0.0	0.0	0.0
0.0	0.0	0.0	0.0	0.0	0.0	0.0	-0.0005905561008584591	0.00046699182904498727	0.0029002896036105026	0.0029002896036105026	-0.0017972204845540488	0.011799941601107826	0.0	0.0	0.0	0.0	0.0	0.0	0.0	0.0	0.0	0.0	0.0	0.0
-0.0	0.0	0.0	0.0	0.0	0.0	0.0	3.3904640849215455e-18	-6.248760247967437e-18	7.74147549273367e-17	7.74147549273367e-17	3.7102886789659316e-16	2.576861760691854e-17	0.0	0.0	0.0	0.0	0.0	0.0	0.0	0.0	0.0	0.0	0.0	0.0
-25.0	0.0	0.0	0.0	0.0	0.0	0.0	-3.763500114629746e-18	6.439397595386516e-18	-5.279328020269068e-17	-5.279328020269068e-17	-2.370560490637587e-16	-4.177519156364874e-17	0.0	0.0	0.0	0.0	0.0	0.0	0.0	0.0	0.0	0.0	0.0	0.0
0.0	0.0	0.0	0.0	0.0	0.0	0.0	-3.2370790275187437e-18	5.996051837344908e-18	-6.487993308544725e-17	-6.487993308544725e-17	-3.376158571220581e-16	-4.9174369053230855e-17	0.0	0.0	0.0	0.0	0.0	0.0	0.0	0.0	0.0	0.0	0.0	0.0
0.0	0.0	0.0	0.0	0.0	0.0	0.0	0.12920836939876973	-0.10217361680913122	0.05337529187930985	0.05337529187930985	0.002026670737491376	-0.013306434325830445	0.0	0.0	0.0	0.0	0.0	0.0	0.0	0.0	0.0	0.0	0.0	0.0
-0.0	0.0	0.0	0.0	0.0	0.0	0.0	-0.13821977345561612	0.1092995309375977	-0.32489870553574307	-0.32489870553574307	-0.05419946174586883	0.35585532708401346	0.0	0.0	0.0	0.0	0.0	0.0	0.0	0.0	0.0	0.0	0.0	0.0
0.0	0.0	0.0	0.0	0.0	0.0	0.0	-0.0005814578236625011	0.00045979721857072897	0.003097590297892229	0.003097590297892229	-0.001646290298221657	0.010808985065881403	0.0	0.0	0.0	0.0	0.0	0.0	0.0	0.0	0.0	0.0	0.0	0.0
-0.0	0.0	0.0	0.0	0.0	0.0	0.0	-3.1835706626547716e-19	5.758165133497247e-19	-5.7718802700161176e-18	-5.7718802700161176e-18	-2.8598036087675e-17	-3.912959586086493e-18	0.0	0.0	0.0	0.0	0.0	0.0	0.0	0.0	0.0	0.0	0.0	0.0
-25.0	0.0	0.0	0.0	0.0	0.0	0.0	9.895515907198424e-20	-1.787929460485626e-19	1.779853506484302e-18	1.779853506484302e-18	8.310573776523902e-18	2.0521688169655733e-18	0.0	0.0	0.0	0.0	0.0	0.0	0.0	0.0	0.0	0.0	0.0	0.0
0.0	0.0	0.0	0.0	0.0	0.0	0.0	3.1132886413327077e-18	-4.962588408817442e-18	3.104634832463354e-17	3.104634832463354e-17	1.0266142676936328e-16	3.743864448164014e-17	0.0	0.0	0.0	0.0	0.0	0.0	0.0	0.0	0.0	0.0	0.0	0.0
0.0	0.0	0.0	0.0	0.0	0.0	0.0	0.11831504813301938	-0.09355954608008749	0.028169476052908416	0.028169476052908416	-0.0019293368011004085	0.012667372631799737	0.0	0.0	0.0	0.0	0.0	0.0	0.0	0.0	0.0	0.0	0.0	0.0
-0.0	0.0	0.0	0.0	0.0	0.0	0.0	-0.13767285987737213	0.10886705014218884	-0.3122644840538597	-0.3122644840538597	-0.04523575462684006	0.2970026590699399	0.0	0.0	0.0	0.0	0.0	0.0	0.0	0.0	0.0	0.0	0.0	0.0
0.0	0.0	0.0	0.0	0.0	0.0	0.0	-0.0005674447076008284	0.0004487161194325827	0.003363226264467789	0.003363226264467789	-0.0014711201798055821	0.009658877338301211	0.0	0.0	0.0	0.0	0.0	0.0	0.0	0.0	0.0	0.0	0.0	0.0
-0.0	0.0	0.0	0.0	0.0	0.0	0.0	3.2053273178886785e-18	-5.708808084112381e-18	5.829254472421475e-17	5.829254472421475e-17	3.0055230333994133e-16	7.280207596540565e-17	0.0	0.0	0.0	0.0	0.0	0.0	0.0	0.0	0.0	0.0	0.0	0.0
-25.0	0.0	0.0	0.0	0.0	0.0	0.0	-3.750014900378639e-18	6.96490419044326e-18	-7.289866721025063e-17	-7.289866721025063e-17	-3.431729247237445e-16	-8.56644434440656e-17	0.0	0.0	0.0	0.0	0.0	0.0	0.0	0.0	0.0	0.0	0.0	0.0
0.0	0.0	0.0	0.0	0.0	0.0	0.0	1.2212171763141088e-18	-2.354100086347514e-18	3.004214108872039e-17	3.004214108872039e-17	1.5641350774546053e-16	1.6083143342745842e-17	0.0	0.0	0.0	0.0	0.0	0.0	0.0	0.0	0.0	0.0	0.0	0.0
0.0	0.0	0.0	0.0	0.0	0.0	0.0	0.10748261668663031	-0.08499362496472539	0.004297890476762821	0.004297890476762821	-0.004997334235748678	0.03281080571099573	0.0	0.0	0.0	0.0	0.0	0.0	0.0	0.0	0.0	0.0	0.0	0.0
-0.0	0.0	0.0	0.0	0.0	0.0	0.0	-0.13665208101919024	0.10805985267976545	-0.29088234900181154	-0.29088234900181154	-0.031807433494775814	0.20883684607726638	0.0	0.0	0.0	0.0	0.0	0.0	0.0	0.0	0.0	0.0	0.0	0.0
0.0	0.0	0.0	0.0	0.0	0.0	0.0	-0.0005491349995956719	0.00043423742042639386	0.0036586676402210164	0.0036586676402210164	-0.0013150440058682963	0.008634133989589995	0.0	0.0	0.0	0.0	0.0	0.0	0.0	0.0	0.0	0.0	0.0	0.0
-0.0	0.0	0.0	0.0	0.0	0.0	0.0	3.9656064421205326e-18	-7.053229622367337e-18	6.76483294338691e-17	6.76483294338691e-17	3.0729721708861643e-16	5.31445847188843e-17	0.0	0.0	0.0	0.0	0.0	0.0	0.0	0.0	0.0	0.0	0.0	0.0
-25.0	0.0	0.0	0.0	0.0	0.0	0.0	-3.6508499107756995e-18	5.8537105803078214e-18	-4.401525319717601e-17	-4.401525319717601e-17	-1.8963986273148289e-16	-2.6375544391303454e-17	0.0	0.0	0.0	0.0	0.0	0.0	0.0	0.0	0.0	0.0	0.0	0.0
0.0	0.0	0.0	0.0	0.0	0.0	0.0	2.2560583911222527e-18	-4.11429938534231e-18	3.966710771594796e-17	3.966710771594796e-17	1.6772125221073133e-16	3.439074168352742e-17	0.0	0.0	0.0	0.0	0.0	0.0	0.0	0.0	0.0	0.0	0.0	0.0
0.0	0.0	0.0	0.0	0.0	0.0	0.0	0.09675385996816406	-0.0765096863244371	-0.017515278602656746	-0.017515278602656746	-0.006865940158579235	0.04507943994554065	0.0	0.0	0.0	0.0	0.0	0.0	0.0	0.0	0.0	0.0	0.0	0.0
-0.0	0.0	0.0	0.0	0.0	0.0	0.0	-0.13502320610545543	0.10677179338422468	-0.2600837923981407	-0.2600837923981407	-0.015131684834966071	0.09934952272516705	0.0	0.0	0.0	0.0	0.0	0.0	0.0	0.0	0.0	0.0	0.0	0.0
0.0	0.0	0.0	0.0	0.0	0.0	0.0	-0.0005270232186072875	0.00041675217045236354	0.003950381794709872	0.003950381794709872	-0.001209445574588467	0.007940810419681608	0.0	0.0	0.0	0.0	0.0	0.0	0.0	0.0	0.0	0.0	0.0	0.0
-0.0	0.0	0.0	0.0	0.0	0.0	0.0	6.292178511498258e-19	-1.0650843439839074e-18	9.154598666012958e-18	9.154598666012958e-18	4.444261744054089e-17	3.623483350876044e-18	0.0	0.0	0.0	0.0	0.0	0.0	0.0	0.0	0.0	0.0	0.0	0.0
-25.0	0.0	0.0	0.0	0.0	0.0	0.0	-1.328566927133024e-20	2.3888666126514266e-20	-2.377542485139188e-19	-2.377542485139188e-19	-1.1272536792981821e-18	-2.001787237384273e-19	0.0	0.0	0.0	0.0	0.0	0.0	0.0	0.0	0.0	0.0	0.0	0.0
0.0	0.0	0.0	0.0	0.0	0.0	0.0	-7.967241578265724e-19	1.4278888190403484e-18	-1.456868679752723e-17	-1.456868679752723e-17	-6.030777137825501e-17	-1.0033392339360843e-17	0.0	0.0	0.0	0.0	0.0	0.0	0.0	0.0	0.0	0.0	0.0	0.0
0.0	0.0	0.0	0.0	0.0	0.0	0.0	0.08618171286568956	-0.06814958928177446	-0.036532905052704755	-0.036532905052704755	-0.007355333525056511	0.048292631200624214	0.0	0.0	0.0	0.0	0.0	0.0	0.0	0.0	0.0	0.0	0.0	0.0
-0.0	0.0	0.0	0.0	0.0	0.0	0.0	-0.13266335821869207	0.10490570533720636	-0.22019864701105446	-0.22019864701105446	0.0027399250145935874	-0.017989420571777704	0.0	0.0	0.0	0.0	0.0	0.0	0.0	0.0	0.0	0.0	0.0	0.0
0.0	0.0	0.0	0.0	0.0	0.0	0.0	-0.0005015272666776948	0.00039659083233811656	0.004209070551583159	0.004209070551583159	-0.0011723753573098	0.007697419915941165	0.0	0.0	0.0	0.0	0.0	0.0	0.0	0.0	0.0	0.0	0.0	0.0
-0.0	0.0	0.0	0.0	0.0	0.0	0.0	4.927969488697251e-18	-7.993001105109788e-18	6.923339532345241e-17	6.923339532345241e-17	3.455828722475967e-16	6.945145047416662e-18	0.0	0.0	0.0	0.0	0.0	0.0	0.0	0.0	0.0	0.0	0.0	0.0
-25.0	0.0	0.0	0.0	0.0	0.0	0.0	2.382447915412029e-18	-4.088887181748032e-18	3.6411268494840964e-17	3.6411268494840964e-17	1.5257440831667698e-16	2.5275506961277042e-17	0.0	0.0	0.0	0.0	0.0	0.0	0.0	0.0	0.0	0.0	0.0	0.0
0.0	0.0	0.0	0.0	0.0	0.0	0.0	2.6198170020848125e-18	-4.585591292679527e-18	4.6358134155923244e-17	4.6358134155923244e-17	2.359445164148528e-16	3.554158250913762e-17	0.0	0.0	0.0	0.0	0.0	0.0	0.0	0.0	0.0	0.0	0.0	0.0
0.0	0.0	0.0	0.0	0.0	0.0	0.0	0.07582835735325287	-0.0599625052427244	-0.05208071444651382	-0.05208071444651382	-0.006467184896200974	0.04246134781462811	0.0	0.0	0.0	0.0	0.0	0.0	0.0	0.0	0.0	0.0	0.0	0.0
-0.0	0.0	0.0	0.0	0.0	0.0	0.0	-0.1294611750345956	0.10237352697192979	-0.1724722018164374	-0.1724722018164374	0.019338637055802663	-0.12697094755220348	0.0	0.0	0.0	0.0	0.0	0.0	0.0	0.0	0.0	0.0	0.0	0.0
0.0	0.0	0.0	0.0	0.0	0.0	0.0	-0.00047301624011591596	0.0003740452749851918	0.004409647992086106	0.004409647992086106	-0.0012076323525843824	0.007928905417435827	0.0	0.0	0.0	0.0	0.0	0.0	0.0	0.0	0.0	0.0	0.0	0.0
-0.0	0.0	0.0	0.0	0.0	0.0	0.0	3.4622116765829966e-18	-5.411849737586658e-18	3.8531379807607005e-17	3.8531379807607005e-17	2.0495819689428278e-16	3.316653234727668e-17	0.0	0.0	0.0	0.0	0.0	0.0	0.0	0.0	0.0	0.0	0.0	0.0
-25.0	0.0	0.0	0.0	0.0	0.0	0.0	-2.8376018766691144e-18	4.449106699415183e-18	-2.6476791855166883e-17	-2.6476791855166883e-17	-1.0500412062063299e-16	-3.077095601297491e-17	0.0	0.0	0.0	0.0	0.0	0.0	0.0	0.0	0.0	0.0	0.0	0.0
0.0	0.0	0.0	0.0	0.0	0.0	0.0	-9.787713864281662e-19	1.7052486247244267e-18	-1.5188161829160635e-17	-1.5188161829160635e-17	-7.944865119655212e-17	-5.584136815074294e-18	0.0	0.0	0.0	0.0	0.0	0.0	0.0	0.0	0.0	0.0	0.0	0.0
0.0	0.0	0.0	0.0	0.0	0.0	0.0	0.06576430974549705	-0.052004196128474	-0.06361508723563133	-0.06361508723563133	-0.004399322807322969	0.028884465013836454	0.0	0.0	0.0	0.0	0.0	0.0	0.0	0.0	0.0	0.0	0.0	0.0
-0.0	0.0	0.0	0.0	0.0	0.0	0.0	-0.12531689264964418	0.09909636836123858	-0.11894576279052224	-0.11894576279052224	0.03224473307066626	-0.21170800712454332	0.0	0.0	0.0	0.0	0.0	0.0	0.0	0.0	0.0	0.0	0.0	0.0
0.0	0.0	0.0	0.0	0.0	0.0	0.0	-0.0004418271239681677	0.00034938197479244724	0.0045315852642948285	0.0045315852642948285	-0.0013050910122530774	0.008568786001000337	0.0	0.0	0.0	0.0	0.0	0.0	0.0	0.0	0.0	0.0	0.0	0.0
-0.0	0.0	0.0	0.0	0.0	0.0	0.0	1.7284242466254084e-18	-3.294079148660697e-18	3.726233845635691e-17	3.726233845635691e-17	1.6784421055596495e-16	3.011720492919167e-17	0.0	0.0	0.0	0.0	0.0	0.0	0.0	0.0	0.0	0.0	0.0	0.0
-25.0	0.0	0.0	0.0	0.0	0.0	0.0	2.9299011718493777e-18	-5.497110783421809e-18	6.404869718279652e-17	6.404869718279652e-17	3.2970285580576905e-16	2.513817983983624e-17	0.0	0.0	0.0	0.0	0.0	0.0	0.0	0.0	0.0	0.0	0.0	0.0
0.0	0.0	0.0	0.0	0.0	0.0	0.0	-1.7797314737869247e-18	3.1615674566616773e-18	-2.911382254001049e-17	-2.911382254001049e-17	-1.487439833311428e-16	-4.781450910433547e-18	0.0	0.0	0.0	0.0	0.0	0.0	0.0	0.0	0.0	0.0	0.0	0.0
0.0	0.0	0.0	0.0	0.0	0.0	0.0	0.056067504775174276	-0.04433629009482616	-0.07078008117304899	-0.07078008117304899	-0.0015237878706336212	0.010004675575650901	0.0	0.0	0.0	0.0	0.0	0.0	0.0	0.0	0.0	0.0	0.0	0.0
-0.0	0.0	0.0	0.0	0.0	0.0	0.0	-0.12014233816014132	0.09500450534935884	-0.06230364043599271	-0.06230364043599271	0.039537159466423374	-0.2595876113995923	0.0	0.0	0.0	0.0	0.0	0.0	0.0	0.0	0.0	0.0	0.0	0.0
0.0	0.0	0.0	0.0	0.0	0.0	0.0	-0.00040827466917595865	0.00032284982617931815	0.0045593869736048395	0.0045593869736048395	-0.0014426457764156128	0.00947192403987121	0.0	0.0	0.0	0.0	0.0	0.0	0.0	0.0	0.0	0.0	0.0	0.0
-0.0	0.0	0.0	0.0	0.0	0.0	0.0	1.1051167274228861e-18	-2.010645570599653e-18	2.1963331024884645e-17	2.1963331024884645e-17	1.0194163813418853e-16	1.5625434475498383e-17	0.0	0.0	0.0	0.0	0.0	0.0	0.0	0.0	0.0	0.0	0.0	0.0
-25.0	0.0	0.0	0.0	0.0	0.0	0.0	-5.312795726354595e-18	8.582679687777946e-18	-5.703446203836663e-17	-5.703446203836663e-17	-2.2344468767540173e-16	-5.876132824524451e-17	0.0	0.0	0.0	0.0	0.0	0.0	0.0	0.0	0.0	0.0	0.0	0.0
0.0	0.0	0.0	0.0	0.0	0.0	0.0	-2.6543687685169726e-18	5.686428482482459e-18	-7.326579707651216e-17	-7.326579707651216e-17	-3.8403956572820816e-16	-7.854662882192836e-18	0.0	0.0	0.0	0.0	0.0	0.0	0.0	0.0	0.0	0.0	0.0	0.0
0.0	0.0	0.0	0.0	0.0	0.0	0.0	0.046822384264547635	-0.0370255608843079	-0.0734512427025071	-0.0734512427025071	0.0016677051915099782	-0.010949588007832212	0.0	0.0	0.0	0.0	0.0	0.0	0.0	0.0	0.0	0.0	0.0	0.0
-0.0	0.0	0.0	0.0	0.0	0.0	0.0	-0.11386081716847594	0.09003729059564676	-0.005692702146456389	-0.005692702146456389	0.040158350890192505	-0.26366614410472666	0.0	0.0	0.0	0.0	0.0	0.0	0.0	0.0	0.0	0.0	0.0	0.0
0.0	0.0	0.0	0.0	0.0	0.0	0.0	-0.00037265683777057255	0.0002946844474617942	0.004483033581759877	0.004483033581759877	-0.0015897685887913606	0.010437882645898665	0.0	0.0	0.0	0.0	0.0	0.0	0.0	0.0	0.0	0.0	0.0	0.0
-0.0	0.0	0.0	0.0	0.0	0.0	0.0	-1.8023874417052707e-18	3.0537602649938103e-18	-2.447623824019356e-17	-2.447623824019356e-17	-1.234844189075669e-16	-1.2185704096587636e-17	0.0	0.0	0.0	0.0	0.0	0.0	0.0	0.0	0.0	0.0	0.0	0.0
-25.0	0.0	0.0	0.0	0.0	0.0	0.0	-1.2694552899223757e-18	2.404733757301296e-18	-2.7036290075427262e-17	-2.7036290075427262e-17	-1.2651367232610162e-16	-3.638017182713897e-18	0.0	0.0	0.0	0.0	0.0	0.0	0.0	0.0	0.0	0.0	0.0	0.0
0.0	0.0	0.0	0.0	0.0	0.0	0.0	-4.834502007422596e-19	8.378256478097803e-19	-7.198984369464866e-18	-7.198984369464866e-18	-3.5070026099654504e-17	-5.808415395409495e-18	0.0	0.0	0.0	0.0	0.0	0.0	0.0	0.0	0.0	0.0	0.0	0.0
0.0	0.0	0.0	0.0	0.0	0.0	0.0	0.03811899922156912	-0.03014321779413876	-0.07176437482977162	-0.07176437482977162	0.004641804807541946	-0.03047651978069367	0.0	0.0	0.0	0.0	0.0	0.0	0.0	0.0	0.0	0.0	0.0	0.0
-0.0	0.0	0.0	0.0	0.0	0.0	0.0	-0.10640688298901732	0.0841429710704018	0.04747657720442949	0.04747657720442949	0.03413604548055885	-0.22412572447207724	0.0	0.0	0.0	0.0	0.0	0.0	0.0	0.0	0.0	0.0	0.0	0.0
0.0	0.0	0.0	0.0	0.0	0.0	0.0	-0.0003352572010980071	0.0002651100772877229	0.0042982650299812335	0.0042982650299812335	-0.0017123265307531677	0.011242556624490837	0.0	0.0	0.0	0.0	0.0	0.0	0.0	0.0	0.0	0.0	0.0	0.0
-0.0	0.0	0.0	0.0	0.0	0.0	0.0	-1.2320245539367112e-18	2.0490414363152042e-18	-2.0975469574743245e-17	-2.0975469574743245e-17	-1.150254723565208e-16	-1.1721673166204522e-17	0.0	0.0	0.0	0.0	0.0	0.0	0.0	0.0	0.0	0.0	0.0	0.0
-25.0	0.0	0.0	0.0	0.0	0.0	0.0	-3.977533735045346e-18	7.207767846081387e-18	-7.951591274101636e-17	-7.951591274101636e-17	-3.871375420158157e-16	-3.752994997776128e-17	0.0	0.0	0.0	0.0	0.0	0.0	0.0	0.0	0.0	0.0	0.0	0.0
0.0	0.0	0.0	0.0	0.0	0.0	0.0	-1.1864035269765453e-18	2.0955767934237e-18	-1.9141384984462308e-17	-1.9141384984462308e-17	-9.297167022038114e-17	-1.2233702016516176e-17	0.0	0.0	0.0	0.0	0.0	0.0	0.0	0.0	0.0	0.0	0.0	0.0
0.0	0.0	0.0	0.0	0.0	0.0	0.0	0.03005213520550522	-0.02376421404489261	-0.06612822821064018	-0.06612822821064018	0.006912136516846719	-0.04538274960249559	0.0	0.0	0.0	0.0	0.0	0.0	0.0	0.0	0.0	0.0	0.0	0.0
-0.0	0.0	0.0	0.0	0.0	0.0	0.0	-0.09772597499156255	0.07727840206907288	0.09373634749741284	0.09373634749741284	0.022625026662567563	-0.1485482697419829	0.0	0.0	0.0	0.0	0.0	0.0	0.0	0.0	0.0	0.0	0.0	0.0
0.0	0.0	0.0	0.0	0.0	0.0	0.0	-0.00029634512702109405	0.00023433972266993574	0.004006609554901539	0.004006609554901539	-0.0017780182187077285	0.011673866020331264	0.0	0.0	0.0	0.0	0.0	0.0	0.0	0.0	0.0	0.0	0.0	0.0
-0.0	0.0	0.0	0.0	0.0	0.0	0.0	4.2258232552629195e-18	-7.177918882944037e-18	5.2672099432936865e-17	5.2672099432936865e-17	2.2445790359259157e-16	3.036149951832264e-17	0.0	0.0	0.0	0.0	0.0	0.0	0.0	0.0	0.0	0.0	0.0	0.0
-25.0	0.0	0.0	0.0	0.0	0.0	0.0	3.403218511260758e-18	-5.7172527404859885e-18	4.8029965963318044e-17	4.8029965963318044e-17	2.1908232943457017e-16	5.53291900022991e-17	0.0	0.0	0.0	0.0	0.0	0.0	0.0	0.0	0.0	0.0	0.0	0.0
0.0	0.0	0.0	0.0	0.0	0.0	0.0	-3.54225184713825e-18	6.7016110793586466e-18	-6.562845590217885e-17	-6.562845590217885e-17	-2.559094044407838e-16	4.851981767355427e-19	0.0	0.0	0.0	0.0	0.0	0.0	0.0	0.0	0.0	0.0	0.0	0.0
0.0	0.0	0.0	0.0	0.0	0.0	0.0	0.02272047176760302	-0.017966582094551334	-0.057221037582824034	-0.057221037582824034	0.008123749454478989	-0.053337790193932255	0.0	0.0	0.0	0.0	0.0	0.0	0.0	0.0	0.0	0.0	0.0	0.0
-0.0	0.0	0.0	0.0	0.0	0.0	0.0	-0.08777391424171822	0.0694086483816983	0.1297620275754209	0.1297620275754209	0.0077608021853462945	-0.05095480123215543	0.0	0.0	0.0	0.0	0.0	0.0	0.0	0.0	0.0	0.0	0.0	0.0
0.0	0.0	0.0	0.0	0.0	0.0	0.0	-0.000256174277991171	0.00020257397131199747	0.0036150859694687176	0.0036150859694687176	-0.0017615981262721807	0.011566057249189238	0.0	0.0	0.0	0.0	0.0	0.0	0.0	0.0	0.0	0.0	0.0	0.0
-0.0	0.0	0.0	0.0	0.0	0.0	0.0	2.608863725221349e-18	-4.7397662309078e-18	4.85793807879854e-17	4.85793807879854e-17	2.4260083341856175e-16	2.4001200259506477e-17	0.0	0.0	0.0	0.0	0.0	0.0	0.0	0.0	0.0	0.0	0.0	0.0
-25.0	0.0	0.0	0.0	0.0	0.0	0.0	4.939691838971625e-18	-7.600996088082257e-18	4.694032076440212e-17	4.694032076440212e-17	2.1761418862035153e-16	1.981131441380495e-17	0.0	0.0	0.0	0.0	0.0	0.0	0.0	0.0	0.0	0.0	0.0	0.0
0.0	0.0	0.0	0.0	0.0	0.0	0.0	2.3470570040528864e-18	-4.666165500154738e-18	5.61618109245766e-17	5.61618109245766e-17	2.389052681320701e-16	4.453668802870467e-17	0.0	0.0	0.0	0.0	0.0	0.0	0.0	0.0	0.0	0.0	0.0	0.0
0.0	0.0	0.0	0.0	0.0	0.0	0.0	0.016225787675731042	-0.012830805156980265	-0.045971883521775385	-0.045971883521775385	0.008119288233976849	-0.05330849932970221	0.0	0.0	0.0	0.0	0.0	0.0	0.0	0.0	0.0	0.0	0.0	0.0
-0.0	0.0	0.0	0.0	0.0	0.0	0.0	-0.07651624535943148	0.06050646385684878	0.15255355987758332	0.15255355987758332	-0.0076504224827553535	0.05023008544998189	0.0	0.0	0.0	0.0	0.0	0.0	0.0	0.0	0.0	0.0	0.0	0.0
0.0	0.0	0.0	0.0	0.0	0.0	0.0	-0.0002149797557348046	0.000169998733722912	0.003135530695131012	0.003135530695131012	-0.0016490000646902409	0.010826776475073244	0.0	0.0	0.0	0.0	0.0	0.0	0.0	0.0	0.0	0.0	0.0	0.0
-0.0	0.0	0.0	0.0	0.0	0.0	0.0	4.871326570830659e-18	-8.067695264763158e-18	6.256505714884712e-17	6.256505714884712e-17	3.440547895909883e-16	6.630087878767081e-17	0.0	0.0	0.0	0.0	0.0	0.0	0.0	0.0	0.0	0.0	0.0	0.0
-25.0	0.0	0.0	0.0	0.0	0.0	0.0	3.95038171818233e-18	-6.4909851595084485e-18	4.301676868598829e-17	4.301676868598829e-17	1.9641805853000987e-16	2.5179735236931946e-17	0.0	0.0	0.0	0.0	0.0	0.0	0.0	0.0	0.0	0.0	0.0	0.0
0.0	0.0	0.0	0.0	0.0	0.0	0.0	-7.457001053465416e-19	1.2676001309389634e-18	-1.0356047293930445e-17	-1.0356047293930445e-17	-4.707562718573885e-17	-5.6166162415467745e-18	0.0	0.0	0.0	0.0	0.0	0.0	0.0	0.0	0.0	0.0	0.0	0.0
0.0	0.0	0.0	0.0	0.0	0.0	0.0	0.010672224474723985	-0.00843923485030886	-0.03352896095399801	-0.03352896095399801	0.006975927943119253	-0.04580158252346101	0.0	0.0	0.0	0.0	0.0	0.0	0.0	0.0	0.0	0.0	0.0	0.0
-0.0	0.0	0.0	0.0	0.0	0.0	0.0	-0.06392741430127886	0.05055164121961771	0.1595833049783737	0.1595833049783737	-0.02055086499497019	0.13493002603619578	0.0	0.0	0.0	0.0	0.0	0.0	0.0	0.0	0.0	0.0	0.0	0.0
0.0	0.0	0.0	0.0	0.0	0.0	0.0	-0.00017297411444926726	0.0001367820905866653	0.0025835234222134967	0.0025835234222134967	-0.0014395596988830484	0.009451661898637293	0.0	0.0	0.0	0.0	0.0	0.0	0.0	0.0	0.0	0.0	0.0	0.0
-0.0	0.0	0.0	0.0	0.0	0.0	0.0	-2.2433044728747435e-18	3.968139172262735e-18	-4.362036316936247e-17	-4.362036316936247e-17	-2.3364947962412336e-16	-2.004120406830367e-17	0.0	0.0	0.0	0.0	0.0	0.0	0.0	0.0	0.0	0.0	0.0	0.0
-25.0	0.0	0.0	0.0	0.0	0.0	0.0	4.212197999344068e-18	-7.097862560109411e-18	5.510462712393388e-17	5.510462712393388e-17	2.769000199652715e-16	5.850890414899846e-17	0.0	0.0	0.0	0.0	0.0	0.0	0.0	0.0	0.0	0.0	0.0	0.0
0.0	0.0	0.0	0.0	0.0	0.0	0.0	1.4945199025146762e-18	-2.5820259633252836e-18	2.2490626750536347e-17	2.2490626750536347e-17	1.0764019216973766e-16	2.1398539535580767e-17	0.0	0.0	0.0	0.0	0.0	0.0	0.0	0.0	0.0	0.0	0.0	0.0
0.0	0.0	0.0	0.0	0.0	0.0	0.0	0.006165621715162534	-0.004875565518290617	-0.021217920976008567	-0.021217920976008567	0.00500739061396421	-0.032876832487795535	0.0	0.0	0.0	0.0	0.0	0.0	0.0	0.0	0.0	0.0	0.0	0.0
-0.0	0.0	0.0	0.0	0.0	0.0	0.0	-0.04998977255858696	0.03953022462511018	0.14889718328141466	0.14889718328141466	-0.028081748602656567	0.18437525968072763	0.0	0.0	0.0	0.0	0.0	0.0	0.0	0.0	0.0	0.0	0.0	0.0
0.0	0.0	0.0	0.0	0.0	0.0	0.0	-0.00013034239266672198	0.00010307036412810611	0.0019769069931212624	0.0019769069931212624	-0.0011457618142847988	0.007522684396742819	0.0	0.0	0.0	0.0	0.0	0.0	0.0	0.0	0.0	0.0	0.0	0.0
-0.0	0.0	0.0	0.0	0.0	0.0	0.0	-1.5536288676553492e-19	3.0704028275605113e-19	-4.112703004448502e-18	-4.112703004448502e-18	-2.160179423287194e-17	-3.418062072830321e-18	0.0	0.0	0.0	0.0	0.0	0.0	0.0	0.0	0.0	0.0	0.0	0.0
-25.0	0.0	0.0	0.0	0.0	0.0	0.0	1.47003263330659e-18	-2.9885709889484947e-18	3.48973205085528e-17	3.48973205085528e-17	1.793211701692933e-16	3.1948271200977074e-17	0.0	0.0	0.0	0.0	0.0	0.0	0.0	0.0	0.0	0.0	0.0	0.0
0.0	0.0	0.0	0.0	0.0	0.0	0.0	-3.7851732738957794e-18	6.283824557936916e-18	-5.96330568825947e-17	-5.96330568825947e-17	-2.929896420802192e-16	-4.0233798450214764e-17	0.0	0.0	0.0	0.0	0.0	0.0	0.0	0.0	0.0	0.0	0.0	0.0
0.0	0.0	0.0	0.0	0.0	0.0	0.0	0.0028129379031012515	-0.002224376336894976	-0.010494464917138572	-0.010494464917138572	0.002732040409616084	-0.017937652925737516	0.0	0.0	0.0	0.0	0.0	0.0	0.0	0.0	0.0	0.0	0.0	0.0
-0.0	0.0	0.0	0.0	0.0	0.0	0.0	-0.03469239902911201	0.027433578034337516	0.1191569192894784	0.1191569192894784	-0.02797588084478429	0.18368016780385146	0.0	0.0	0.0	0.0	0.0	0.0	0.0	0.0	0.0	0.0	0.0	0.0
0.0	0.0	0.0	0.0	0.0	0.0	0.0	-8.72362673382218e-5	6.898349535992528e-5	0.001333916680290501	0.001333916680290501	-0.0007902648408732464	0.005188611553999658	0.0	0.0	0.0	0.0	0.0	0.0	0.0	0.0	0.0	0.0	0.0	0.0
-0.0	0.0	0.0	0.0	0.0	0.0	0.0	1.7596302903644596e-18	-3.063347487580531e-18	2.7247258381738106e-17	2.7247258381738106e-17	1.117135420141736e-16	1.7213974002852985e-17	0.0	0.0	0.0	0.0	0.0	0.0	0.0	0.0	0.0	0.0	0.0	0.0
-25.0	0.0	0.0	0.0	0.0	0.0	0.0	5.0001504708189004e-18	-7.993622185100094e-18	7.468844597902566e-17	7.468844597902566e-17	3.2954283519550094e-16	5.320603073170174e-17	0.0	0.0	0.0	0.0	0.0	0.0	0.0	0.0	0.0	0.0	0.0	0.0
0.0	0.0	0.0	0.0	0.0	0.0	0.0	-8.822455868658207e-19	1.6187983818285457e-18	-1.4953800710004602e-17	-1.4953800710004602e-17	-6.031119834837188e-17	-1.785101898136188e-17	0.0	0.0	0.0	0.0	0.0	0.0	0.0	0.0	0.0	0.0	0.0	0.0
0.0	0.0	0.0	0.0	0.0	0.0	0.0	0.0007217718843679305	-0.0005707528411679844	-0.002896261398910396	-0.002896261398910396	0.0008151567466857669	-0.005352043385104968	0.0	0.0	0.0	0.0	0.0	0.0	0.0	0.0	0.0	0.0	0.0	0.0
-0.0	0.0	0.0	0.0	0.0	0.0	0.0	-0.018029731539350263	0.014257303068256306	0.06961302178488527	0.06961302178488527	-0.018804044229920547	0.12346099194190438	0.0	0.0	0.0	0.0	0.0	0.0	0.0	0.0	0.0	0.0	0.0	0.0
0.0	0.0	0.0	0.0	0.0	0.0	0.0	-4.37674022761546e-5	3.460978425552424e-5	0.0006709496666211978	0.0006709496666211978	-0.0004003220128102787	0.0026283788845926754	0.0	0.0	0.0	0.0	0.0	0.0	0.0	0.0	0.0	0.0	0.0	0.0
-0.0	0.0	0.0	0.0	0.0	0.0	0.0	4.726884020576326e-18	-7.927661104869101e-18	6.404582080428839e-17	6.404582080428839e-17	3.2776311850734166e-16	4.507144279791471e-17	0.0	0.0	0.0	0.0	0.0	0.0	0.0	0.0	0.0	0.0	0.0	0.0
-25.0	0.0	0.0	0.0	0.0	0.0	0.0	8.2114184714174015e-19	-1.4288233231259132e-18	1.433348924441011e-17	1.433348924441011e-17	7.49812879791762e-17	5.937716946834115e-18	0.0	0.0	0.0	0.0	0.0	0.0	0.0	0.0	0.0	0.0	0.0	0.0
0.0	0.0	0.0	0.0	0.0	0.0	0.0	3.622128941631115e-18	-6.464716687209564e-18	6.198624458318135e-17	6.198624458318135e-17	2.905890677336634e-16	4.2729475699809444e-17	0.0	0.0	0.0	0.0	0.0	0.0	0.0	0.0	0.0	0.0	0.0	0.0
-0.0	0.0	0.0	0.0	0.0	0.0	0.0	-4.2485748054881304e-18	6.8469890123165406e-18	-3.6067010742166116e-17	-3.6067010742166116e-17	-1.0944987863682176e-16	-4.7727373912485655e-17	0.0	0.0	0.0	0.0	0.0	0.0	0.0	0.0	0.0	0.0	0.0	0.0
-0.0	0.0	0.0	0.0	0.0	0.0	0.0	-2.8479541466003575e-18	4.777176505787978e-18	-4.229990100746309e-17	-4.229990100746309e-17	-1.8243861778702962e-16	-2.7056679464967814e-17	0.0	0.0	0.0	0.0	0.0	0.0	0.0	0.0	0.0	0.0	0.0	0.0
0.0	0.0	0.0	0.0	0.0	0.0	0.0	2.112342125917674e-18	-3.477110863902332e-18	3.219274053480104e-17	3.219274053480104e-17	1.8172079091299966e-16	1.2631124619726796e-17	0.0	0.0	0.0	0.0	0.0	0.0	0.0	0.0	0.0	0.0	0.0	0.0
-0.0	0.0	0.0	0.0	0.0	0.0	0.0	-4.559889107390824e-18	8.0355621064522e-18	-7.81650152937551e-17	-7.81650152937551e-17	-4.246486003516238e-16	-6.346089421470489e-17	0.0	0.0	0.0	0.0	0.0	0.0	0.0	0.0	0.0	0.0	0.0	0.0
-25.0	0.0	0.0	0.0	0.0	0.0	0.0	3.753530728446107e-18	-6.955764580441694e-18	7.956810430454845e-17	7.956810430454845e-17	4.0173714028182644e-16	4.0283401144581555e-17	0.0	0.0	0.0	0.0	0.0	0.0	0.0	0.0	0.0	0.0	0.0	0.0
0.0	0.0	0.0	0.0	0.0	0.0	0.0	-3.5084062702688236e-18	5.581203631423044e-18	-3.3173004536352987e-17	-3.3173004536352987e-17	-1.3200175329341251e-16	-3.8939421956673694e-17	0.0	0.0	0.0	0.0	0.0	0.0	0.0	0.0	0.0	0.0	0.0	0.0
-0.0	0.0	0.0	0.0	0.0	0.0	0.0	0.0009760544065891971	-0.0010713907093045437	0.0012380286222663298	0.0012380286222663298	-0.005352135248577273	0.0008157596734391583	0.0	0.0	0.0	0.0	0.0	0.0	0.0	0.0	0.0	0.0	0.0	0.0
-0.0	0.0	0.0	0.0	0.0	0.0	0.0	0.024381663098466698	-0.026763146751598008	0.029756607426578492	0.029756607426578492	-0.12346311104943766	0.018817952550476472	0.0	0.0	0.0	0.0	0.0	0.0	0.0	0.0	0.0	0.0	0.0	0.0
0.0	0.0	0.0	0.0	0.0	0.0	0.0	-5.918679680021905e-5	6.496787861124268e-5	-0.0002868024590901281	-0.0002868024590901281	0.002628423998591332	-0.0004006181090636793	0.0	0.0	0.0	0.0	0.0	0.0	0.0	0.0	0.0	0.0	0.0	0.0
-0.0	0.0	0.0	0.0	0.0	0.0	0.0	-1.027421349862863e-18	1.9072367576206347e-18	-2.0722905318094304e-17	-2.0722905318094304e-17	-9.709931209601054e-17	-1.8116066665743223e-17	0.0	0.0	0.0	0.0	0.0	0.0	0.0	0.0	0.0	0.0	0.0	0.0
-25.0	0.0	0.0	0.0	0.0	0.0	0.0	-1.9558774430527467e-18	3.2011154476599533e-18	-2.5390107329814175e-17	-2.5390107329814175e-17	-8.971969933265517e-17	-1.746418114896296e-17	0.0	0.0	0.0	0.0	0.0	0.0	0.0	0.0	0.0	0.0	0.0	0.0
0.0	0.0	0.0	0.0	0.0	0.0	0.0	5.367195784826484e-18	-8.722017873139387e-18	6.885616841008505e-17	6.885616841008505e-17	2.878894039017169e-16	6.936353942687571e-17	0.0	0.0	0.0	0.0	0.0	0.0	0.0	0.0	0.0	0.0	0.0	0.0
-0.0	0.0	0.0	0.0	0.0	0.0	0.0	0.0038039448408113763	-0.004175495887974162	0.004485937611734116	0.004485937611734116	-0.0179379608109662	0.0027340611501184007	0.0	0.0	0.0	0.0	0.0	0.0	0.0	0.0	0.0	0.0	0.0	0.0
-0.0	0.0	0.0	0.0	0.0	0.0	0.0	0.04691464115033701	-0.05149703778754898	0.05093451740126678	0.05093451740126678	-0.18368332052464376	0.027996573070001418	0.0	0.0	0.0	0.0	0.0	0.0	0.0	0.0	0.0	0.0	0.0	0.0
0.0	0.0	0.0	0.0	0.0	0.0	0.0	-0.0001179698807797286	0.00012949261167402156	-0.0005701926734015356	-0.0005701926734015356	0.00518870061232345	-0.0007908493564661188	0.0	0.0	0.0	0.0	0.0	0.0	0.0	0.0	0.0	0.0	0.0	0.0
-0.0	0.0	0.0	0.0	0.0	0.0	0.0	-1.892051836186203e-18	3.2217618735058674e-18	-3.108887983214879e-17	-3.108887983214879e-17	-1.6875645504568856e-16	-2.1366972396272303e-17	0.0	0.0	0.0	0.0	0.0	0.0	0.0	0.0	0.0	0.0	0.0	0.0
-25.0	0.0	0.0	0.0	0.0	0.0	0.0	-2.0294560906038818e-18	3.751360659870631e-18	-5.447337450904251e-17	-5.447337450904251e-17	-2.786537156532023e-16	-3.078439915878631e-17	0.0	0.0	0.0	0.0	0.0	0.0	0.0	0.0	0.0	0.0	0.0	0.0
0.0	0.0	0.0	0.0	0.0	0.0	0.0	4.8469118179472755e-20	-7.883286174707691e-20	5.731774942550696e-19	5.731774942550696e-19	2.63583160907558e-18	3.7605213521825073e-19	0.0	0.0	0.0	0.0	0.0	0.0	0.0	0.0	0.0	0.0	0.0	0.0
-0.0	0.0	0.0	0.0	0.0	0.0	0.0	0.008337789784812626	-0.009152185012717534	0.009069759201693546	0.009069759201693546	-0.032877396791904996	0.005011094306260004	0.0	0.0	0.0	0.0	0.0	0.0	0.0	0.0	0.0	0.0	0.0	0.0
-0.0	0.0	0.0	0.0	0.0	0.0	0.0	0.06760132785298285	-0.07420430061007804	0.06364721594069335	0.06364721594069335	-0.18437842433234397	0.02810251913240923	0.0	0.0	0.0	0.0	0.0	0.0	0.0	0.0	0.0	0.0	0.0	0.0
0.0	0.0	0.0	0.0	0.0	0.0	0.0	-0.0001762624306679837	0.00019347889763342684	-0.0008450436973534608	-0.0008450436973534608	0.007522813517543343	-0.0011466092715065512	0.0	0.0	0.0	0.0	0.0	0.0	0.0	0.0	0.0	0.0	0.0	0.0
-0.0	0.0	0.0	0.0	0.0	0.0	0.0	8.015250829906517e-19	-1.2547366303269639e-18	8.493004800369545e-18	8.493004800369545e-18	4.038131641593698e-17	7.914790532378452e-18	0.0	0.0	0.0	0.0	0.0	0.0	0.0	0.0	0.0	0.0	0.0	0.0
-25.0	0.0	0.0	0.0	0.0	0.0	0.0	4.436942135641671e-18	-7.580093521347836e-18	5.854776774531016e-17	5.854776774531016e-17	2.4387918431951367e-16	-2.1975110015974545e-17	0.0	0.0	0.0	0.0	0.0	0.0	0.0	0.0	0.0	0.0	0.0	0.0
0.0	0.0	0.0	0.0	0.0	0.0	0.0	-5.097972568014308e-19	9.183036705458519e-19	-1.112245782422097e-17	-1.112245782422097e-17	-6.351840891547913e-17	-6.4636363382976615e-18	0.0	0.0	0.0	0.0	0.0	0.0	0.0	0.0	0.0	0.0	0.0	0.0
-0.0	0.0	0.0	0.0	0.0	0.0	0.0	0.014432082978390482	-0.01584173947125839	0.014332205425760334	0.014332205425760334	-0.04580236867041964	0.006981087654542547	0.0	0.0	0.0	0.0	0.0	0.0	0.0	0.0	0.0	0.0	0.0	0.0
-0.0	0.0	0.0	0.0	0.0	0.0	0.0	0.08644924495126023	-0.09489319165192307	0.06821507867806532	0.06821507867806532	-0.13493234200079113	0.02056606534296115	0.0	0.0	0.0	0.0	0.0	0.0	0.0	0.0	0.0	0.0	0.0	0.0
0.0	0.0	0.0	0.0	0.0	0.0	0.0	-0.0002339134431375862	0.00025676098388287527	-0.001104346432332385	-0.001104346432332385	0.00945182412878325	-0.0014406244623012506	0.0	0.0	0.0	0.0	0.0	0.0	0.0	0.0	0.0	0.0	0.0	0.0
-0.0	0.0	0.0	0.0	0.0	0.0	0.0	-3.401279223253792e-18	5.9642632419290375e-18	-4.951310361536351e-17	-4.951310361536351e-17	-1.9132750486199475e-16	-3.3305783936548977e-17	0.0	0.0	0.0	0.0	0.0	0.0	0.0	0.0	0.0	0.0	0.0	0.0
-25.0	0.0	0.0	0.0	0.0	0.0	0.0	4.409158787485653e-18	-7.230347930378214e-18	6.632413615051222e-17	6.632413615051222e-17	3.4368654874520935e-16	1.073167343120202e-17	0.0	0.0	0.0	0.0	0.0	0.0	0.0	0.0	0.0	0.0	0.0	0.0
0.0	0.0	0.0	0.0	0.0	0.0	0.0	4.770414064516814e-20	-9.233225881395939e-20	9.416362786312567e-19	9.416362786312567e-19	4.309439033543671e-18	1.2225475994559234e-18	0.0	0.0	0.0	0.0	0.0	0.0	0.0	0.0	0.0	0.0	0.0	0.0
-0.0	0.0	0.0	0.0	0.0	0.0	0.0	0.02194218409484701	-0.024085391165047328	0.019651025850370492	0.019651025850370492	-0.053309414326825344	0.008125293626310244	0.0	0.0	0.0	0.0	0.0	0.0	0.0	0.0	0.0	0.0	0.0	0.0
-0.0	0.0	0.0	0.0	0.0	0.0	0.0	0.10347316108634265	-0.11357992208413716	0.06521016149572649	0.06521016149572649	-0.050230947609186685	0.007656081080653474	0.0	0.0	0.0	0.0	0.0	0.0	0.0	0.0	0.0	0.0	0.0	0.0
0.0	0.0	0.0	0.0	0.0	0.0	0.0	-0.00029071780496700675	0.0003191137227273119	-0.0013403060745887927	-0.0013403060745887927	0.010826962307963366	-0.001650219739674082	0.0	0.0	0.0	0.0	0.0	0.0	0.0	0.0	0.0	0.0	0.0	0.0
-0.0	0.0	0.0	0.0	0.0	0.0	0.0	1.1278197707960845e-18	-2.1597034051056576e-18	1.916020266608266e-17	1.916020266608266e-17	6.929637920067823e-17	1.1990662621174051e-17	0.0	0.0	0.0	0.0	0.0	0.0	0.0	0.0	0.0	0.0	0.0	0.0
-25.0	0.0	0.0	0.0	0.0	0.0	0.0	-3.0680303212681894e-18	5.86469937213003e-18	-6.967819373200504e-17	-6.967819373200504e-17	-3.1380996308205547e-16	-7.637736278072533e-17	0.0	0.0	0.0	0.0	0.0	0.0	0.0	0.0	0.0	0.0	0.0	0.0
0.0	0.0	0.0	0.0	0.0	0.0	0.0	-2.5126155439829553e-18	4.403929840264702e-18	-3.345235169207589e-17	-3.345235169207589e-17	-1.1938910468613006e-16	-2.054925895276372e-17	0.0	0.0	0.0	0.0	0.0	0.0	0.0	0.0	0.0	0.0	0.0	0.0
-0.0	0.0	0.0	0.0	0.0	0.0	0.0	0.030724965974517716	-0.03372603296145067	0.024459560987797276	0.024459560987797276	-0.05333870569386786	0.008129758146517799	0.0	0.0	0.0	0.0	0.0	0.0	0.0	0.0	0.0	0.0	0.0	0.0
-0.0	0.0	0.0	0.0	0.0	0.0	0.0	0.118696942392439	-0.13029068917019843	0.055467750349362466	0.055467750349362466	0.05095567582908112	-0.0077665424254367696	0.0	0.0	0.0	0.0	0.0	0.0	0.0	0.0	0.0	0.0	0.0	0.0
0.0	0.0	0.0	0.0	0.0	0.0	0.0	-0.0003464252879627961	0.0003802624448861548	-0.0015452955675296608	-0.0015452955675296608	0.011566255771253104	-0.0017629010838778525	0.0	0.0	0.0	0.0	0.0	0.0	0.0	0.0	0.0	0.0	0.0	0.0
-0.0	0.0	0.0	0.0	0.0	0.0	0.0	2.4688543620708168e-18	-3.995105470615205e-18	3.307822016618034e-17	3.307822016618034e-17	1.8582220490715418e-16	2.3579412992267817e-17	0.0	0.0	0.0	0.0	0.0	0.0	0.0	0.0	0.0	0.0	0.0	0.0
-25.0	0.0	0.0	0.0	0.0	0.0	0.0	-2.758473369933982e-18	5.494477013410369e-18	-6.46677182383955e-17	-6.46677182383955e-17	-2.96875379740153e-16	-5.808737647042422e-17	0.0	0.0	0.0	0.0	0.0	0.0	0.0	0.0	0.0	0.0	0.0	0.0
0.0	0.0	0.0	0.0	0.0	0.0	0.0	-3.1553344283593024e-18	5.665396181178494e-18	-4.438175354450156e-17	-4.438175354450156e-17	-1.353949587416766e-16	-6.495829584961398e-17	0.0	0.0	0.0	0.0	0.0	0.0	0.0	0.0	0.0	0.0	0.0	0.0
-0.0	0.0	0.0	0.0	0.0	0.0	0.0	0.04063959767628942	-0.04460907822997663	0.028267006318984655	0.028267006318984655	-0.045383528560693324	0.0069172490452059	0.0	0.0	0.0	0.0	0.0	0.0	0.0	0.0	0.0	0.0	0.0	0.0
-0.0	0.0	0.0	0.0	0.0	0.0	0.0	0.13215514568345324	-0.14506342506748449	0.040068303638474474	0.040068303638474474	0.1485508194514233	-0.02264176115458692	0.0	0.0	0.0	0.0	0.0	0.0	0.0	0.0	0.0	0.0	0.0	0.0
0.0	0.0	0.0	0.0	0.0	0.0	0.0	-0.00040074845441032364	0.00043989163711046154	-0.0017126552558630807	-0.0017126552558630807	0.011674066392871758	-0.0017793333213641021	0.0	0.0	0.0	0.0	0.0	0.0	0.0	0.0	0.0	0.0	0.0	0.0
-0.0	0.0	0.0	0.0	0.0	0.0	0.0	-5.010204217065719e-18	8.347660335103453e-18	-7.345044170003355e-17	-7.345044170003355e-17	-3.2851712333157337e-16	-5.3891276006063714e-17	0.0	0.0	0.0	0.0	0.0	0.0	0.0	0.0	0.0	0.0	0.0	0.0
-25.0	0.0	0.0	0.0	0.0	0.0	0.0	-4.58330781584873e-19	8.321290980712887e-19	-7.765205601529648e-18	-7.765205601529648e-18	-3.5974777216125024e-17	-8.511145380565229e-18	0.0	0.0	0.0	0.0	0.0	0.0	0.0	0.0	0.0	0.0	0.0	0.0
0.0	0.0	0.0	0.0	0.0	0.0	0.0	-2.810671070286361e-18	4.954611032127481e-18	-5.4799847083393904e-17	-5.4799847083393904e-17	-2.7800432608925657e-16	-7.350945349969585e-17	0.0	0.0	0.0	0.0	0.0	0.0	0.0	0.0	0.0	0.0	0.0	0.0
-0.0	0.0	0.0	0.0	0.0	0.0	0.0	0.051548443449828216	-0.05658344762178934	0.030676219394969208	0.030676219394969208	-0.03047704288563724	0.004645238095991163	0.0	0.0	0.0	0.0	0.0	0.0	0.0	0.0	0.0	0.0	0.0	0.0
-0.0	0.0	0.0	0.0	0.0	0.0	0.0	0.1438943650790217	-0.1579492749852681	0.020294218431989707	0.020294218431989707	0.2241295714072394	-0.034161294042077246	0.0	0.0	0.0	0.0	0.0	0.0	0.0	0.0	0.0	0.0	0.0	0.0
0.0	0.0	0.0	0.0	0.0	0.0	0.0	-0.0004533693754998313	0.0004976523168325735	-0.0018373255726108588	-0.0018373255726108588	0.011242749593979669	-0.0017135930448777138	0.0	0.0	0.0	0.0	0.0	0.0	0.0	0.0	0.0	0.0	0.0	0.0
-0.0	0.0	0.0	0.0	0.0	0.0	0.0	4.2183555837211245e-18	-7.309062151085168e-18	6.08278751191297e-17	6.08278751191297e-17	2.934725345591066e-16	4.259676207843057e-17	0.0	0.0	0.0	0.0	0.0	0.0	0.0	0.0	0.0	0.0	0.0	0.0
-25.0	0.0	0.0	0.0	0.0	0.0	0.0	-1.3305145815620094e-18	2.312944481009538e-18	-1.421854337777187e-17	-1.421854337777187e-17	-4.630733233694019e-17	-1.3425847673690928e-17	0.0	0.0	0.0	0.0	0.0	0.0	0.0	0.0	0.0	0.0	0.0	0.0
0.0	0.0	0.0	0.0	0.0	0.0	0.0	-1.5352957007787607e-18	2.576570224768166e-18	-1.7266350380164438e-17	-1.7266350380164438e-17	-6.67650593560757e-17	-1.0568610835940632e-17	0.0	0.0	0.0	0.0	0.0	0.0	0.0	0.0	0.0	0.0	0.0	0.0
-0.0	0.0	0.0	0.0	0.0	0.0	0.0	0.06331805862525888	-0.06950266223310496	0.0313972836984721	0.0313972836984721	-0.010949775948910723	0.0016689387015167488	0.0	0.0	0.0	0.0	0.0	0.0	0.0	0.0	0.0	0.0	0.0	0.0
-0.0	0.0	0.0	0.0	0.0	0.0	0.0	0.15397434389213052	-0.16901381767617235	-0.002433388159931169	-0.002433388159931169	0.26367066971935965	-0.040188053820773034	0.0	0.0	0.0	0.0	0.0	0.0	0.0	0.0	0.0	0.0	0.0	0.0
0.0	0.0	0.0	0.0	0.0	0.0	0.0	-0.000503945022694574	0.0005531679501371462	-0.0019163062736202094	-0.0019163062736202094	0.010438061803840413	-0.001590944453532639	0.0	0.0	0.0	0.0	0.0	0.0	0.0	0.0	0.0	0.0	0.0	0.0
-0.0	0.0	0.0	0.0	0.0	0.0	0.0	-2.1303832238266497e-18	3.6479791478585125e-18	-3.216379238706263e-17	-3.216379238706263e-17	-1.3345811627725928e-16	-3.1564473374008256e-17	0.0	0.0	0.0	0.0	0.0	0.0	0.0	0.0	0.0	0.0	0.0	0.0
-25.0	0.0	0.0	0.0	0.0	0.0	0.0	-1.9405639279544195e-18	3.431668499930978e-18	-3.0652935733395064e-17	-3.0652935733395064e-17	-1.4682601392181365e-16	-1.5134248910135283e-17	0.0	0.0	0.0	0.0	0.0	0.0	0.0	0.0	0.0	0.0	0.0	0.0
0.0	0.0	0.0	0.0	0.0	0.0	0.0	-2.880046983305775e-18	4.741997429881022e-18	-3.709857664665344e-17	-3.709857664665344e-17	-1.8074809691503735e-16	-2.3280614944086753e-17	0.0	0.0	0.0	0.0	0.0	0.0	0.0	0.0	0.0	0.0	0.0	0.0
-0.0	0.0	0.0	0.0	0.0	0.0	0.0	0.07582026439040171	-0.0832260233615029	0.030255475700934637	0.030255475700934637	0.010004847297460425	-0.0015249149330757391	0.0	0.0	0.0	0.0	0.0	0.0	0.0	0.0	0.0	0.0	0.0	0.0
-0.0	0.0	0.0	0.0	0.0	0.0	0.0	0.16246886463590815	-0.17833804237454862	-0.02663215763642859	-0.02663215763642859	0.2595920670100064	-0.039566402935648844	0.0	0.0	0.0	0.0	0.0	0.0	0.0	0.0	0.0	0.0	0.0	0.0
0.0	0.0	0.0	0.0	0.0	0.0	0.0	-0.0005521111289795589	0.000606038690158131	-0.0019489441026991042	-0.0019489441026991042	0.009472086617945732	-0.0014437128224884237	0.0	0.0	0.0	0.0	0.0	0.0	0.0	0.0	0.0	0.0	0.0	0.0
-0.0	0.0	0.0	0.0	0.0	0.0	0.0	9.673122910827603e-19	-1.8917503101614903e-18	2.803525095882233e-17	2.803525095882233e-17	1.3323608406304866e-16	1.2444727084317623e-17	0.0	0.0	0.0	0.0	0.0	0.0	0.0	0.0	0.0	0.0	0.0	0.0
-25.0	0.0	0.0	0.0	0.0	0.0	0.0	-4.769728784358373e-18	7.964316960103583e-18	-6.152606715065908e-17	-6.152606715065908e-17	-3.0559104918419487e-16	-7.410071168889247e-17	0.0	0.0	0.0	0.0	0.0	0.0	0.0	0.0	0.0	0.0	0.0	0.0
0.0	0.0	0.0	0.0	0.0	0.0	0.0	2.7091869256468025e-18	-4.475331444986318e-18	3.189445264200597e-17	3.189445264200597e-17	1.1229075956097557e-16	4.450208386037574e-17	0.0	0.0	0.0	0.0	0.0	0.0	0.0	0.0	0.0	0.0	0.0	0.0
-0.0	0.0	0.0	0.0	0.0	0.0	0.0	0.088933284481824	-0.0976198602234952	0.027192745390644386	0.027192745390644386	0.028884960791909265	-0.004402576745301714	0.0	0.0	0.0	0.0	0.0	0.0	0.0	0.0	0.0	0.0	0.0	0.0
-0.0	0.0	0.0	0.0	0.0	0.0	0.0	0.16946643107074058	-0.1860190974626757	-0.050844256975018834	-0.050844256975018834	0.2117116409209405	-0.03226858273179623	0.0	0.0	0.0	0.0	0.0	0.0	0.0	0.0	0.0	0.0	0.0	0.0
0.0	0.0	0.0	0.0	0.0	0.0	0.0	-0.0005974842199252845	0.0006558436065270474	-0.0019370600538727014	-0.0019370600538727014	0.00856893307746735	-0.0013060563166177963	0.0	0.0	0.0	0.0	0.0	0.0	0.0	0.0	0.0	0.0	0.0	0.0
-0.0	0.0	0.0	0.0	0.0	0.0	0.0	-1.1167850617903235e-18	2.242352639338818e-18	-3.2265744240121863e-17	-3.2265744240121863e-17	-1.771144603261534e-16	-3.2272280407221434e-18	0.0	0.0	0.0	0.0	0.0	0.0	0.0	0.0	0.0	0.0	0.0	0.0
-25.0	0.0	0.0	0.0	0.0	0.0	0.0	6.682497244382728e-19	-1.1857052132189633e-18	1.022683927779368e-17	1.022683927779368e-17	4.813123488283944e-17	3.6760566231223714e-18	0.0	0.0	0.0	0.0	0.0	0.0	0.0	0.0	0.0	0.0	0.0	0.0
0.0	0.0	0.0	0.0	0.0	0.0	0.0	-5.84198650812215e-19	1.1273385136119943e-18	-1.6196325286300508e-17	-1.6196325286300508e-17	-8.752933566905527e-17	-6.927583960653251e-18	0.0	0.0	0.0	0.0	0.0	0.0	0.0	0.0	0.0	0.0	0.0	0.0
-0.0	0.0	0.0	0.0	0.0	0.0	0.0	0.10254292795567595	-0.1125588282527325	0.022262291372136013	0.022262291372136013	0.04246207662891198	-0.006471968318382397	0.0	0.0	0.0	0.0	0.0	0.0	0.0	0.0	0.0	0.0	0.0	0.0
-0.0	0.0	0.0	0.0	0.0	0.0	0.0	0.17507075727356475	-0.19217082730999055	-0.07372453414447973	-0.07372453414447973	0.12697312690607526	-0.019352940785132913	0.0	0.0	0.0	0.0	0.0	0.0	0.0	0.0	0.0	0.0	0.0	0.0
0.0	0.0	0.0	0.0	0.0	0.0	0.0	-0.0006396613605326969	0.0007021404074909751	-0.0018849370537947906	-0.0018849370537947906	0.007929041510897235	-0.0012085255721288966	0.0	0.0	0.0	0.0	0.0	0.0	0.0	0.0	0.0	0.0	0.0	0.0
-0.0	0.0	0.0	0.0	0.0	0.0	0.0	2.002739724726643e-18	-4.4259976507672894e-18	6.264171560714204e-17	6.264171560714204e-17	3.41238279551285e-16	4.8746573194233457e-17	0.0	0.0	0.0	0.0	0.0	0.0	0.0	0.0	0.0	0.0	0.0	0.0
-25.0	0.0	0.0	0.0	0.0	0.0	0.0	-6.597543284799015e-19	1.1470206724150187e-18	-9.876430010880506e-18	-9.876430010880506e-18	-4.294796957535718e-17	-5.7216124872626325e-18	0.0	0.0	0.0	0.0	0.0	0.0	0.0	0.0	0.0	0.0	0.0	0.0
0.0	0.0	0.0	0.0	0.0	0.0	0.0	1.4828489200252603e-18	-2.4751799668788848e-18	2.271606477292225e-17	2.271606477292225e-17	1.08043859549594e-16	1.5716118434761807e-17	0.0	0.0	0.0	0.0	0.0	0.0	0.0	0.0	0.0	0.0	0.0	0.0
-0.0	0.0	0.0	0.0	0.0	0.0	0.0	0.11654380342587464	-0.1279272419391369	0.015616263824198172	0.015616263824198172	0.04829346010420611	-0.0073607738620598195	0.0	0.0	0.0	0.0	0.0	0.0	0.0	0.0	0.0	0.0	0.0	0.0
-0.0	0.0	0.0	0.0	0.0	0.0	0.0	0.17940107974147698	-0.19692411486147732	-0.09412556052023939	-0.09412556052023939	0.01798972934619633	-0.0027419515864924205	0.0	0.0	0.0	0.0	0.0	0.0	0.0	0.0	0.0	0.0	0.0	0.0
0.0	0.0	0.0	0.0	0.0	0.0	0.0	-0.0006782169121059516	0.0007444618800122158	-0.0017991987249197238	-0.0017991987249197238	0.007697552036159915	-0.0011732424991934204	0.0	0.0	0.0	0.0	0.0	0.0	0.0	0.0	0.0	0.0	0.0	0.0
-0.0	0.0	0.0	0.0	0.0	0.0	0.0	-8.016356793029148e-19	1.2561523029291383e-18	-9.83039699168711e-18	-9.83039699168711e-18	-4.246020923302764e-17	-1.0514179247165639e-17	0.0	0.0	0.0	0.0	0.0	0.0	0.0	0.0	0.0	0.0	0.0	0.0
-25.0	0.0	0.0	0.0	0.0	0.0	0.0	-2.0343864110406666e-18	4.419557959868165e-18	-6.374112047685382e-17	-6.374112047685382e-17	-3.053414855979309e-16	-6.96650285953369e-17	0.0	0.0	0.0	0.0	0.0	0.0	0.0	0.0	0.0	0.0	0.0	0.0
0.0	0.0	0.0	0.0	0.0	0.0	0.0	-2.5972530259974456e-18	4.387843265810868e-18	-4.013783833316565e-17	-4.013783833316565e-17	-1.986426828357937e-16	-3.482985397385352e-17	0.0	0.0	0.0	0.0	0.0	0.0	0.0	0.0	0.0	0.0	0.0	0.0
-0.0	0.0	0.0	0.0	0.0	0.0	0.0	0.1308405514566556	-0.1436204275956344	0.007487036993455203	0.007487036993455203	0.045080213697340346	-0.006871018518096541	0.0	0.0	0.0	0.0	0.0	0.0	0.0	0.0	0.0	0.0	0.0	0.0
-0.0	0.0	0.0	0.0	0.0	0.0	0.0	0.18259230951736516	-0.20042704862219968	-0.11117476457738484	-0.11117476457738484	-0.09935122797881915	0.015142876913295062	0.0	0.0	0.0	0.0	0.0	0.0	0.0	0.0	0.0	0.0	0.0	0.0
0.0	0.0	0.0	0.0	0.0	0.0	0.0	-0.0007126951686991904	0.0007823078069786368	-0.0016886202787222227	-0.0016886202787222227	0.007940946717520946	-0.0012103401352864022	0.0	0.0	0.0	0.0	0.0	0.0	0.0	0.0	0.0	0.0	0.0	0.0
-0.0	0.0	0.0	0.0	0.0	0.0	0.0	-4.318349258420782e-18	6.997699394838939e-18	-5.644813646357244e-17	-5.644813646357244e-17	-2.49271900473084e-16	-7.208403948122194e-17	0.0	0.0	0.0	0.0	0.0	0.0	0.0	0.0	0.0	0.0	0.0	0.0
-25.0	0.0	0.0	0.0	0.0	0.0	0.0	6.824233134271207e-19	-1.4802062173345835e-18	2.2332200894289277e-17	2.2332200894289277e-17	1.1752616336654979e-16	6.731209290835838e-18	0.0	0.0	0.0	0.0	0.0	0.0	0.0	0.0	0.0	0.0	0.0	0.0
0.0	0.0	0.0	0.0	0.0	0.0	0.0	2.1411741710669646e-18	-3.477716812539973e-18	2.4799788967265844e-17	2.4799788967265844e-17	1.2058510199610272e-16	2.6636979595871656e-17	0.0	0.0	0.0	0.0	0.0	0.0	0.0	0.0	0.0	0.0	0.0	0.0
-0.0	0.0	0.0	0.0	0.0	0.0	0.0	0.1453490831674559	-0.15954608294400904	-0.0018371654673398586	-0.0018371654673398586	0.03281136888165041	-0.005001030489854194	0.0	0.0	0.0	0.0	0.0	0.0	0.0	0.0	0.0	0.0	0.0	0.0
-0.0	0.0	0.0	0.0	0.0	0.0	0.0	0.18479504222530427	-0.2028449336729057	-0.12433983821837409	-0.12433983821837409	-0.20884043059241897	0.03183095971029504	0.0	0.0	0.0	0.0	0.0	0.0	0.0	0.0	0.0	0.0	0.0	0.0
0.0	0.0	0.0	0.0	0.0	0.0	0.0	-0.0007425970002039262	0.0008151303056519669	-0.0015639248790182214	-0.0015639248790182214	0.008634282187785183	-0.0013160166719429858	0.0	0.0	0.0	0.0	0.0	0.0	0.0	0.0	0.0	0.0	0.0	0.0
-0.0	0.0	0.0	0.0	0.0	0.0	0.0	-4.029774264700622e-18	7.292205370985893e-18	-6.26112049257553e-17	-6.26112049257553e-17	-2.9088362103378283e-16	-1.94626666960953e-17	0.0	0.0	0.0	0.0	0.0	0.0	0.0	0.0	0.0	0.0	0.0	0.0
-25.0	0.0	0.0	0.0	0.0	0.0	0.0	4.363052891333891e-18	-7.425922662490608e-18	7.514041482123095e-17	7.514041482123095e-17	3.6812834260066386e-16	2.430717697095734e-17	0.0	0.0	0.0	0.0	0.0	0.0	0.0	0.0	0.0	0.0	0.0	0.0
0.0	0.0	0.0	0.0	0.0	0.0	0.0	1.6915638381457528e-18	-2.97957339568123e-18	2.800182423758932e-17	2.800182423758932e-17	1.4785081993135508e-16	3.8590900033135184e-17	0.0	0.0	0.0	0.0	0.0	0.0	0.0	0.0	0.0	0.0	0.0	0.0
-0.0	0.0	0.0	0.0	0.0	0.0	0.0	0.1599978145413842	-0.17562563198469117	-0.012041253473161309	-0.012041253473161309	0.012667590056740004	-0.0019307638256390062	0.0	0.0	0.0	0.0	0.0	0.0	0.0	0.0	0.0	0.0	0.0	0.0
-0.0	0.0	0.0	0.0	0.0	0.0	0.0	0.18617544471020356	-0.20436016723718067	-0.13347979195660847	-0.13347979195660847	-0.29700775688011993	0.045269213035340435	0.0	0.0	0.0	0.0	0.0	0.0	0.0	0.0	0.0	0.0	0.0	0.0
0.0	0.0	0.0	0.0	0.0	0.0	0.0	-0.0007673572763648249	0.0008423090465700165	-0.0014376362506750829	-0.0014376362506750829	0.009659043125403862	-0.0014722082868751291	0.0	0.0	0.0	0.0	0.0	0.0	0.0	0.0	0.0	0.0	0.0	0.0
-0.0	0.0	0.0	0.0	0.0	0.0	0.0	2.4591510403156048e-18	-4.109515974097663e-18	2.8769363455251e-17	2.8769363455251e-17	1.4582378074270843e-16	2.0219206056943682e-17	0.0	0.0	0.0	0.0	0.0	0.0	0.0	0.0	0.0	0.0	0.0	0.0
-25.0	0.0	0.0	0.0	0.0	0.0	0.0	3.1555857898908444e-18	-5.033890626115909e-18	3.7103140966703245e-17	3.7103140966703245e-17	1.8535286000690014e-16	1.1895355103082631e-17	0.0	0.0	0.0	0.0	0.0	0.0	0.0	0.0	0.0	0.0	0.0	0.0
0.0	0.0	0.0	0.0	0.0	0.0	0.0	1.6296006324623848e-18	-2.9367451396480743e-18	3.0825101826551e-17	3.0825101826551e-17	1.6373960425196863e-16	2.6468461913069652e-17	0.0	0.0	0.0	0.0	0.0	0.0	0.0	0.0	0.0	0.0	0.0	0.0
-0.0	0.0	0.0	0.0	0.0	0.0	0.0	0.17472888741100262	-0.19179556524256147	-0.02281566819022085	-0.02281566819022085	-0.013306662720263998	0.0020281697549069306	0.0	0.0	0.0	0.0	0.0	0.0	0.0	0.0	0.0	0.0	0.0	0.0
-0.0	0.0	0.0	0.0	0.0	0.0	0.0	0.18691503767530807	-0.20517200008802475	-0.1388803845345663	-0.1388803845345663	-0.3558614350527532	0.054239550117049375	0.0	0.0	0.0	0.0	0.0	0.0	0.0	0.0	0.0	0.0	0.0	0.0
0.0	0.0	0.0	0.0	0.0	0.0	0.0	-0.0007863072576240746	0.0008631099709094704	-0.0013240881676719182	-0.0013240881676719182	0.010809170593646868	-0.001647507969025199	0.0	0.0	0.0	0.0	0.0	0.0	0.0	0.0	0.0	0.0	0.0	0.0
-0.0	0.0	0.0	0.0	0.0	0.0	0.0	-1.4825628769547903e-20	2.775041326124253e-20	-2.9756382576194407e-19	-2.9756382576194407e-19	-1.3512190897352885e-18	-2.105979450336453e-19	0.0	0.0	0.0	0.0	0.0	0.0	0.0	0.0	0.0	0.0	0.0	0.0
-25.0	0.0	0.0	0.0	0.0	0.0	0.0	1.9496989404264946e-18	-4.200586088087026e-18	5.203518143160657e-17	5.203518143160657e-17	2.774741217208177e-16	4.5603454285305305e-17	0.0	0.0	0.0	0.0	0.0	0.0	0.0	0.0	0.0	0.0	0.0	0.0
0.0	0.0	0.0	0.0	0.0	0.0	0.0	2.6898309037832945e-18	-5.4159421719722614e-18	5.614022314195331e-17	5.614022314195331e-17	2.32508208402948e-16	6.615116470759119e-17	0.0	0.0	0.0	0.0	0.0	0.0	0.0	0.0	0.0	0.0	0.0	0.0
-0.0	0.0	0.0	0.0	0.0	0.0	0.0	0.18949936960586078	-0.20800875713912736	-0.033890956203810885	-0.033890956203810885	-0.04272289706302142	0.0065117219460912295	0.0	0.0	0.0	0.0	0.0	0.0	0.0	0.0	0.0	0.0	0.0	0.0
-0.0	0.0	0.0	0.0	0.0	0.0	0.0	0.18721039429114628	-0.2054962057183714	-0.14127408809615463	-0.14127408809615463	-0.3849689805062234	0.05867605268487702	0.0	0.0	0.0	0.0	0.0	0.0	0.0	0.0	0.0	0.0	0.0	0.0
0.0	0.0	0.0	0.0	0.0	0.0	0.0	-0.000798610886709898	0.0008766153593430413	-0.001239750508506406	-0.001239750508506406	0.011800144137843553	-0.001798549790139632	0.0	0.0	0.0	0.0	0.0	0.0	0.0	0.0	0.0	0.0	0.0	0.0
-0.0	0.0	0.0	0.0	0.0	0.0	0.0	-5.562904577431357e-18	9.177443338537612e-18	-5.2723569563089555e-17	-5.2723569563089555e-17	-1.6369817015449595e-16	-6.626471999284585e-17	0.0	0.0	0.0	0.0	0.0	0.0	0.0	0.0	0.0	0.0	0.0	0.0
-25.0	0.0	0.0	0.0	0.0	0.0	0.0	-2.1216234549934e-19	4.1914737101544338e-19	-4.5280885442514884e-18	-4.5280885442514884e-18	-2.2795197631105876e-17	-1.863953641558982e-18	0.0	0.0	0.0	0.0	0.0	0.0	0.0	0.0	0.0	0.0	0.0	0.0
0.0	0.0	0.0	0.0	0.0	0.0	0.0	3.0269877938089986e-18	-4.7184258385871564e-18	3.678346962965046e-17	3.678346962965046e-17	1.8576476071321974e-16	2.5345411129506028e-17	0.0	0.0	0.0	0.0	0.0	0.0	0.0	0.0	0.0	0.0	0.0	0.0
-0.0	0.0	0.0	0.0	0.0	0.0	0.0	0.20428242824755277	-0.22423575388940103	-0.04507335112091978	-0.04507335112091978	-0.07350001068408346	0.011202696107030157	0.0	0.0	0.0	0.0	0.0	0.0	0.0	0.0	0.0	0.0	0.0	0.0
-0.0	0.0	0.0	0.0	0.0	0.0	0.0	0.18727277526686537	-0.20556467976794446	-0.1418462005078843	-0.1418462005078843	-0.39270203185364094	0.059854705904366375	0.0	0.0	0.0	0.0	0.0	0.0	0.0	0.0	0.0	0.0	0.0	0.0
0.0	0.0	0.0	0.0	0.0	0.0	0.0	-0.0008031524625780004	0.0008816005345113945	-0.0012041609402099784	-0.0012041609402099784	0.012272565332309273	-0.0018705551004354706	0.0	0.0	0.0	0.0	0.0	0.0	0.0	0.0	0.0	0.0	0.0	0.0
-0.0	0.0	0.0	0.0	0.0	0.0	0.0	-3.457227419207893e-18	5.7583597490065246e-18	-4.3615385895719504e-17	-4.3615385895719504e-17	-1.98859061277934e-16	-2.1712156802211052e-17	0.0	0.0	0.0	0.0	0.0	0.0	0.0	0.0	0.0	0.0	0.0	0.0
